1
13
18
23
33
39
42
54
54
57
69
107
130
147
159
163
188
192
193
215
219
225
226
237
238
278
304
321
321
323
346
347
355
357
385
387
403
405
419
430
435
448
463
466
478
495
524
556
583
612
646
647
675
681
711
737
751
763
770
774
800
835
848
852
852
863
864
869
904
919
950
972
978
995
997
1000
1011
1018
1039
1055
1073
1076
1087
1094
1102
1110
1115
1122
1126
1129
1135
1156
1176
1189
1199
1270
1270
1270
1287
1300
1311
1315
1320
1324
1340
1347
1356
1363
1367
1381
1387
1393
1397
1437
1444
1446
1447
1468
1492
1517
1523
1532
1532
1538
1572
1577
1582
1593
1617
1622
1629
1654
1665
1681
1700
1713
1764
1778
1780
1781
1792
1793
1798
1812
1814
1818
1819
1830
1847
1851
1858
1859
1863
1874
1878
1882
1885
1892
1904
1915
1938
1942
1952
1953
1966
1967
1988
1998
2009
2025
2027
2034
2041
2050
2083
2085
2109
2111
2121
2132
2137
2161
2162
2176
2186
2228
2240
2247
2249
2283
2293
2296
2299
2306
2307
2307
2311
2315
2315
2317
2332
2343
2356
2366
2380
2380
2387
2396
2408
2412
2417
2420
2444
2446
2451
2462
2481
2502
2512
2513
2517
2518
2518
2522
2545
2552
2552
2559
2582
2587
2589
2591
2595
2595
2596
2614
2618
2619
2632
2636
2636
2651
2651
2655
2659
2664
2673
2692
2707
2718
2726
2730
2751
2758
2771
2781
2796
2798
2820
2826
2843
2844
2845
2855
2874
2882
2900
2908
2944
2951
2982
2999
3000
3004
3040
3041
3046
3088
3093
3101
3142
3144
3151
3155
3160
3165
3191
3205
3206
3212
3255
3262
3264
3285
3288
3290
3329
3338
3348
3350
3356
3359
3360
3374
3401
3412
3432
3459
3478
3514
3517
3519
3523
3554
3587
3590
3591
3602
3614
3618
3624
3626
3633
3643
3649
3664
3685
3687
3691
3692
3702
3706
3710
3723
3735
3757
3762
3779
3790
3803
3810
3821
3841
3856
3869
3873
3909
3920
3928
3942
3952
3957
3973
3977
3979
3984
3998
3999
4043
4046
4049
4060
4080
4118
4129
4146
4152
4155
4179
4202
4235
4240
4253
4273
4291
4315
4324
4329
4355
4355
4365
4380
4387
4388
4401
4413
4419
4428
4452
4471
4481
4484
4512
4513
4520
4520
4532
4564
4572
4590
4593
4596
4599
4617
4626
4628
4632
4665
4667
4667
4680
4681
4687
4693
4700
4707
4739
4751
4768
4799
4809
4811
4823
4843
4853
4864
4875
4886
4886
4898
4899
4902
4904
4917
4926
4942
4952
4962
4963
4972
4973
4991
5005
5019
5020
5033
5043
5059
5073
5108
5137
5153
5164
5176
5187
5209
5216
5234
5235
5255
5274
5277
5279
5281
5303
5303
5310
5315
5316
5329
5337
5339
5349
5352
5391
5401
5403
5408
5419
5423
5426
5447
5448
5449
5487
5490
5494
5514
5547
5549
5556
5583
5594
5599
5605
5609
5627
5656
5664
5669
5684
5706
5708
5730
5751
5754
5756
5768
5774
5784
5788
5798
5799
5800
5802
5807
5817
5839
5848
5850
5853
5859
5879
5879
5881
5912
5920
5932
5940
5973
5985
6017
6019
6061
6091
6091
6095
6097
6113
6151
6152
6161
6169
6178
6182
6190
6192
6193
6196
6206
6227
6229
6242
6245
6262
6270
6291
6335
6340
6345
6350
6354
6360
6384
6388
6394
6416
6426
6433
6437
6443
6459
6465
6490
6492
6499
6506
6506
6512
6518
6520
6524
6526
6527
6538
6542
6545
6557
6561
6571
6580
6585
6586
6592
6598
6634
6643
6655
6660
6670
6683
6698
6706
6755
6768
6774
6779
6798
6811
6834
6838
6846
6847
6872
6884
6888
6903
6905
6906
6908
6925
6945
6956
6957
6966
6971
6974
7000
7002
7011
7033
7043
7056
7088
7093
7115
7124
7127
7143
7146
7172
7177
7183
7197
7198
7209
7227
7231
7278
7289
7290
7308
7326
7333
7353
7354
7384
7391
7399
7408
7408
7433
7433
7453
7483
7485
7497
7500
7506
7517
7519
7551
7552
7553
7566
7567
7579
7585
7603
7604
7607
7610
7614
7620
7620
7622
7631
7632
7634
7646
7654
7655
7656
7666
7707
7740
7745
7745
7754
7755
7758
7759
7785
7793
7793
7824
7828
7845
7852
7853
7866
7905
7910
7924
7933
7940
7949
7953
7965
7982
7985
8000
8009
8014
8014
8025
8025
8038
8061
8078
8103
8115
8121
8162
8183
8205
8211
8215
8217
8225
8233
8274
8285
8287
8314
8319
8337
8337
8367
8369
8373
8391
8395
8398
8407
8415
8418
8429
8446
8451
8453
8453
8487
8492
8504
8504
8508
8518
8536
8603
8608
8621
8623
8636
8642
8646
8661
8663
8664
8705
8739
8746
8749
8768
8813
8818
8823
8832
8835
8839
8848
8851
8860
8866
8867
8870
8890
8894
8921
8951
8952
8974
8989
9023
9028
9030
9042
9043
9044
9066
9081
9092
9102
9102
9104
9112
9127
9129
9146
9161
9163
9178
9179
9179
9189
9195
9212
9214
9233
9243
9247
9264
9276
9278
9291
9300
9303
9305
9306
9312
9321
9332
9336
9338
9351
9378
9385
9393
9394
9395
9431
9444
9478
9479
9496
9525
9534
9537
9538
9554
9564
9567
9575
9583
9596
9603
9619
9621
9649
9658
9660
9699
9708
9745
9765
9766
9766
9781
9785
9828
9836
9845
9858
9875
9898
9927
9928
9934
9970
9970
9984
10010
10010
10035
10041
10049
10054
10061
10073
10088
10140
10170
10173
10173
10178
10186
10186
10193
10208
10208
10211
10226
10228
10228
10235
10241
10249
10255
10259
10267
10283
10337
10342
10353
10364
10376
10378
10379
10391
10418
10421
10423
10427
10456
10476
10488
10495
10499
10501
10515
10526
10548
10572
10589
10605
10621
10630
10630
10631
10646
10653
10668
10684
10695
10699
10714
10735
10760
10793
10809
10813
10824
10824
10829
10830
10844
10847
10857
10863
10864
10883
10887
10891
10896
10900
10907
10922
10932
10943
10965
10969
11009
11013
11021
11064
11071
11072
11074
11089
11091
11092
11097
11104
11107
11118
11127
11138
11140
11154
11159
11166
11168
11170
11177
11188
11189
11220
11221
11230
11237
11279
11288
11291
11299
11332
11334
11338
11354
11377
11378
11420
11426
11429
11488
11535
11538
11544
11578
11586
11588
11608
11608
11630
11637
11644
11651
11662
11669
11670
11674
11685
11719
11734
11736
11737
11738
11740
11774
11786
11796
11817
11820
11848
11854
11868
11870
11875
11888
11893
11938
11961
11973
11983
12023
12024
12029
12041
12042
12046
12048
12049
12055
12056
12070
12074
12079
12102
12112
12114
12131
12132
12133
12164
12171
12171
12177
12217
12231
12249
12261
12271
12272
12282
12289
12294
12309
12317
12327
12333
12333
12344
12365
12369
12391
12392
12400
12403
12417
12433
12448
12452
12456
12463
12463
12492
12493
12503
12505
12511
12513
12513
12545
12575
12594
12602
12607
12612
12621
12627
12651
12653
12670
12702
12727
12744
12774
12807
12814
12830
12846
12864
12873
12877
12884
12886
12905
12905
12914
12923
12925
12931
12932
12937
12951
12954
12966
12988
12997
13001
13024
13028
13045
13051
13051
13055
13063
13067
13075
13076
13079
13079
13109
13117
13123
13125
13132
13171
13182
13194
13202
13233
13300
13307
13311
13325
13326
13330
13332
13332
13337
13338
13353
13367
13369
13373
13387
13404
13408
13409
13451
13456
13471
13474
13483
13494
13504
13512
13518
13519
13521
13532
13533
13550
13570
13583
13588
13602
13609
13625
13629
13632
13638
13646
13654
13659
13676
13706
13709
13727
13741
13744
13746
13750
13770
13779
13787
13791
13812
13812
13817
13826
13845
13846
13858
13864
13867
13880
13880
13897
13921
13924
13940
13945
13959
13966
13966
14012
14045
14055
14057
14059
14061
14068
14080
14110
14111
14128
14130
14133
14145
14156
14161
14177
14189
14204
14211
14211
14221
14236
14252
14279
14284
14294
14302
14304
14332
14380
14411
14458
14505
14511
14514
14523
14524
14526
14534
14545
14547
14608
14621
14627
14629
14676
14681
14687
14708
14710
14760
14775
14779
14790
14810
14812
14816
14868
14873
14910
14913
14931
14934
14939
14951
14961
14995
14997
15007
15019
15042
15069
15073
15097
15098
15106
15110
15111
15131
15137
15144
15148
15149
15177
15193
15217
15234
15249
15249
15255
15262
15264
15305
15312
15323
15340
15343
15343
15358
15360
15372
15377
15381
15383
15390
15392
15393
15396
15402
15409
15448
15452
15494
15520
15577
15585
15587
15593
15613
15617
15634
15647
15655
15671
15681
15684
15694
15694
15698
15737
15750
15753
15765
15779
15788
15788
15794
15809
15856
15858
15861
15900
15908
15913
15923
15939
15952
15960
15972
15981
15982
16004
16022
16047
16060
16064
16071
16088
16107
16110
16117
16119
16123
16132
16132
16137
16150
16183
16186
16198
16211
16214
16227
16239
16245
16246
16249
16251
16258
16265
16268
16274
16274
16278
16291
16298
16308
16310
16339
16364
16369
16378
16386
16387
16389
16404
16406
16407
16408
16413
16413
16417
16436
16464
16470
16470
16477
16477
16485
16489
16502
16510
16517
16536
16552
16558
16579
16599
16626
16627
16657
16659
16672
16676
16696
16718
16747
16752
16753
16791
16794
16816
16820
16845
16870
16899
16910
16910
16927
16931
16937
16944
16978
17004
17011
17036
17052
17090
17093
17101
17105
17107
17110
17111
17115
17127
17134
17135
17145
17146
17147
17176
17182
17202
17206
17211
17234
17240
17240
17258
17263
17267
17286
17291
17305
17320
17339
17344
17346
17350
17352
17384
17410
17436
17514
17516
17538
17539
17554
17556
17558
17561
17577
17591
17599
17601
17605
17626
17631
17642
17649
17655
17658
17722
17726
17734
17738
17752
17760
17783
17794
17796
17797
17824
17837
17846
17848
17856
17874
17891
17902
17905
17919
17922
17928
17941
17947
17963
17970
18001
18029
18047
18051
18060
18078
18080
18082
18092
18101
18112
18125
18126
18150
18186
18192
18224
18250
18259
18279
18291
18299
18299
18309
18327
18344
18358
18371
18371
18386
18397
18401
18402
18412
18413
18418
18425
18430
18440
18450
18450
18451
18454
18461
18463
18474
18477
18491
18500
18520
18541
18544
18547
18559
18572
18577
18579
18582
18583
18590
18610
18617
18628
18660
18669
18680
18710
18714
18719
18730
18735
18756
18760
18767
18793
18818
18820
18823
18834
18847
18848
18865
18900
18900
18911
18913
18924
18927
18945
18947
18951
18987
18990
18991
18996
19024
19032
19033
19035
19045
19065
19065
19075
19075
19089
19094
19105
19124
19171
19178
19190
19191
19223
19241
19242
19261
19276
19315
19320
19343
19356
19375
19381
19390
19396
19425
19427
19495
19502
19550
19626
19628
19629
19633
19634
19637
19643
19696
19723
19727
19742
19743
19749
19752
19756
19768
19793
19799
19800
19808
19814
19816
19826
19828
19834
19838
19883
19885
19893
19899
19913
19917
19924
19936
19939
19941
19944
19954
19974
19976
19982
19988
20018
20022
20041
20085
20094
20095
20110
20137
20138
20146
20147
20149
20149
20150
20155
20162
20167
20170
20172
20181
20182
20194
20197
20199
20203
20225
20232
20238
20246
20265
20305
20306
20308
20316
20343
20352
20357
20359
20366
20405
20438
20440
20450
20460
20469
20473
20475
20486
20486
20488
20505
20510
20521
20523
20553
20580
20586
20607
20608
20644
20647
20657
20661
20663
20682
20705
20711
20718
20726
20788
20790
20793
20805
20831
20875
20886
20902
20902
20907
20909
20911
20915
20937
20952
20982
20987
20999
21021
21039
21062
21069
21079
21108
21123
21136
21149
21174
21182
21214
21220
21248
21260
21280
21291
21300
21315
21317
21361
21367
21376
21382
21392
21396
21410
21415
21429
21435
21437
21470
21488
21503
21507
21532
21534
21538
21542
21545
21595
21596
21615
21648
21657
21667
21672
21692
21698
21714
21743
21747
21759
21780
21790
21800
21803
21806
21838
21855
21858
21900
21909
21915
21921
21965
21974
21981
21999
22008
22024
22029
22035
22043
22055
22081
22089
22097
22097
22099
22106
22107
22131
22135
22136
22144
22162
22169
22175
22187
22191
22197
22208
22229
22245
22246
22255
22265
22266
22269
22284
22285
22287
22289
22300
22323
22329
22330
22334
22342
22343
22350
22354
22365
22368
22374
22376
22383
22385
22389
22389
22406
22437
22443
22449
22491
22500
22512
22525
22559
22603
22607
22608
22617
22618
22619
22620
22632
22669
22679
22701
22714
22733
22741
22747
22757
22772
22774
22810
22837
22840
22893
22932
22944
22954
22969
22969
22979
23003
23013
23035
23049
23049
23072
23080
23083
23138
23140
23141
23159
23175
23207
23211
23214
23219
23226
23234
23236
23237
23258
23271
23290
23291
23297
23309
23310
23317
23325
23372
23381
23404
23430
23446
23447
23472
23483
23493
23495
23496
23497
23545
23551
23559
23568
23569
23576
23578
23580
23586
23591
23599
23601
23601
23607
23617
23627
23639
23648
23651
23654
23663
23681
23695
23715
23720
23743
23744
23751
23766
23773
23784
23785
23806
23819
23821
23823
23831
23835
23842
23881
23881
23890
23896
23903
23917
23923
23929
23933
23950
23974
23995
23997
24003
24018
24036
24040
24045
24052
24054
24056
24057
24083
24085
24091
24093
24102
24125
24126
24139
24145
24148
24171
24172
24172
24180
24183
24198
24205
24206
24207
24220
24227
24229
24230
24231
24234
24255
24265
24284
24286
24305
24310
24310
24320
24330
24335
24335
24340
24350
24367
24374
24387
24389
24426
24426
24428
24430
24445
24482
24488
24506
24508
24517
24536
24544
24554
24559
24570
24631
24652
24665
24668
24671
24682
24689
24699
24710
24728
24735
24776
24794
24805
24808
24813
24824
24824
24837
24841
24846
24854
24856
24857
24861
24865
24880
24888
24888
24908
24917
24927
24932
24943
24947
24947
24949
24999
25031
25033
25040
25063
25099
25112
25120
25152
25174
25180
25207
25213
25227
25227
25246
25260
25275
25292
25297
25315
25331
25333
25365
25397
25402
25421
25425
25430
25439
25441
25443
25444
25453
25456
25462
25481
25500
25522
25537
25541
25544
25553
25560
25561
25570
25599
25625
25637
25639
25641
25646
25655
25674
25691
25698
25730
25731
25737
25740
25743
25756
25759
25788
25811
25821
25850
25850
25861
25880
25883
25884
25901
25916
25935
25937
25938
25952
25954
25970
25988
26010
26017
26023
26044
26049
26062
26116
26127
26129
26151
26155
26161
26184
26208
26215
26246
26264
26270
26270
26287
26308
26311
26356
26414
26419
26435
26447
26461
26471
26477
26496
26539
26555
26569
26605
26613
26618
26618
26619
26619
26628
26642
26672
26713
26713
26714
26722
26731
26749
26751
26762
26769
26771
26783
26808
26816
26833
26833
26836
26847
26850
26857
26864
26868
26880
26883
26928
26941
26942
26948
26951
26965
26969
26973
26996
27011
27012
27016
27032
27042
27074
27086
27087
27088
27091
27108
27116
27129
27135
27135
27168
27191
27221
27222
27267
27268
27284
27295
27299
27300
27316
27349
27378
27385
27422
27427
27430
27434
27449
27452
27459
27470
27470
27494
27495
27500
27502
27528
27560
27562
27569
27576
27594
27608
27609
27610
27628
27631
27645
27653
27658
27679
27681
27701
27704
27720
27733
27735
27762
27763
27770
27770
27781
27786
27789
27799
27808
27822
27827
27835
27837
27867
27874
27888
27914
27930
27952
27971
27986
27987
28003
28011
28018
28031
28071
28076
28085
28101
28112
28114
28125
28139
28142
28165
28173
28209
28218
28260
28262
28283
28302
28320
28323
28342
28355
28364
28369
28392
28403
28405
28410
28410
28411
28422
28432
28468
28475
28498
28551
28554
28561
28568
28608
28609
28610
28611
28629
28637
28651
28659
28676
28686
28687
28690
28691
28706
28716
28720
28726
28738
28742
28746
28749
28756
28757
28761
28770
28779
28785
28795
28816
28821
28839
28883
28884
28911
28926
28973
29008
29008
29034
29052
29054
29063
29072
29077
29088
29095
29098
29104
29123
29123
29133
29146
29148
29149
29153
29153
29158
29177
29196
29197
29219
29219
29222
29223
29234
29246
29260
29265
29288
29310
29312
29338
29343
29355
29367
29388
29429
29440
29482
29483
29490
29506
29506
29522
29526
29534
29537
29541
29541
29556
29577
29615
29638
29648
29649
29650
29656
29682
29694
29707
29710
29717
29719
29721
29722
29722
29723
29729
29736
29750
29750
29761
29769
29793
29804
29815
29815
29831
29842
29843
29848
29864
29866
29868
29870
29872
29899
29904
29913
29922
29923
29934
29951
29952
29960
29972
29978
30002
30008
30026
30031
30039
30041
30051
30060
30092
30093
30102
30105
30117
30122
30123
30130
30154
30159
30170
30179
30188
30193
30203
30206
30206
30217
30218
30223
30243
30266
30269
30281
30308
30308
30313
30318
30320
30369
30380
30382
30385
30392
30393
30393
30407
30416
30425
30439
30448
30457
30462
30469
30481
30494
30497
30503
30507
30515
30516
30516
30527
30537
30546
30561
30563
30602
30620
30629
30630
30631
30635
30641
30649
30650
30659
30683
30711
30728
30734
30736
30766
30778
30803
30822
30848
30853
30860
30884
30885
30890
30907
30932
30949
30956
30963
30964
30966
30973
30973
30996
31013
31014
31015
31036
31045
31048
31064
31077
31082
31102
31104
31110
31125
31136
31139
31146
31152
31154
31212
31213
31218
31222
31224
31227
31262
31274
31285
31321
31326
31329
31337
31339
31339
31345
31346
31367
31383
31444
31491
31516
31545
31609
31620
31625
31651
31651
31655
31671
31683
31691
31694
31695
31712
31730
31738
31754
31770
31774
31779
31783
31784
31789
31795
31801
31803
31819
31827
31837
31844
31851
31852
31867
31894
31894
31912
31933
31939
31946
31953
31972
32008
32011
32014
32052
32058
32074
32080
32110
32115
32124
32142
32146
32168
32175
32181
32192
32196
32209
32211
32218
32219
32230
32231
32247
32257
32276
32289
32293
32296
32326
32329
32350
32351
32363
32376
32377
32388
32402
32424
32443
32443
32457
32483
32484
32489
32500
32501
32504
32509
32524
32546
32553
32572
32578
32593
32594
32598
32633
32659
32664
32683
32691
32691
32705
32705
32708
32723
32724
32744
32750
32756
32785
32792
32793
32798
32800
32806
32811
32815
32855
32862
32869
32878
32884
32887
32891
32891
32928
32931
32965
33012
33014
33047
33048
33048
33053
33064
33067
33077
33093
33102
33111
33115
33130
33133
33143
33160
33171
33178
33201
33206
33220
33226
33235
33269
33303
33320
33326
33331
33337
33348
33364
33365
33366
33368
33377
33379
33392
33394
33395
33397
33416
33424
33439
33471
33473
33503
33526
33535
33546
33564
33570
33572
33583
33590
33591
33592
33596
33605
33607
33620
33643
33651
33657
33683
33687
33702
33710
33721
33724
33749
33750
33757
33770
33784
33791
33791
33804
33819
33820
33840
33876
33879
33887
33904
33919
33933
33959
33978
34010
34028
34045
34050
34063
34079
34080
34094
34102
34119
34131
34140
34177
34177
34208
34225
34241
34263
34281
34346
34354
34356
34357
34364
34376
34378
34383
34391
34393
34395
34408
34415
34422
34423
34432
34441
34458
34486
34492
34515
34544
34549
34556
34569
34581
34584
34584
34595
34599
34615
34620
34624
34630
34634
34647
34656
34659
34665
34666
34678
34684
34685
34736
34739
34757
34786
34793
34801
34812
34838
34849
34860
34882
34902
34910
34932
34933
34943
34943
34958
34970
34973
34975
35002
35010
35012
35025
35039
35054
35062
35063
35067
35079
35119
35137
35151
35189
35195
35200
35211
35216
35223
35230
35231
35241
35281
35299
35301
35328
35329
35333
35373
35391
35406
35423
35431
35438
35469
35483
35489
35495
35495
35496
35499
35507
35510
35510
35518
35531
35541
35555
35558
35582
35608
35620
35624
35633
35634
35657
35674
35677
35686
35715
35727
35730
35737
35746
35751
35780
35810
35818
35833
35835
35839
35864
35868
35884
35890
35907
35938
35940
35958
35970
35971
35981
35991
35994
36002
36032
36043
36060
36062
36069
36085
36096
36111
36138
36158
36181
36185
36217
36218
36247
36251
36259
36288
36289
36291
36315
36327
36342
36343
36354
36375
36390
36405
36408
36423
36442
36459
36496
36522
36547
36549
36568
36576
36584
36593
36594
36597
36602
36605
36612
36619
36635
36637
36651
36685
36693
36700
36711
36721
36730
36752
36770
36780
36790
36803
36817
36818
36819
36825
36826
36830
36836
36839
36847
36884
36895
36914
36933
36937
36964
36974
36979
36987
36994
36999
37015
37019
37026
37034
37057
37061
37079
37091
37094
37097
37099
37099
37106
37120
37121
37128
37130
37168
37185
37193
37199
37208
37236
37241
37253
37277
37288
37289
37295
37301
37344
37353
37355
37385
37391
37402
37405
37426
37427
37433
37433
37444
37448
37450
37464
37469
37483
37494
37496
37498
37512
37541
37556
37582
37588
37590
37594
37596
37607
37608
37634
37634
37640
37664
37705
37712
37713
37723
37726
37728
37730
37741
37742
37753
37757
37807
37834
37850
37881
37887
37899
37908
37922
37923
37928
37951
37952
37966
37970
38003
38018
38062
38067
38076
38090
38124
38144
38149
38151
38156
38171
38178
38182
38183
38200
38229
38243
38246
38248
38255
38273
38305
38316
38318
38345
38348
38371
38394
38405
38428
38447
38455
38467
38484
38486
38488
38491
38491
38510
38513
38523
38524
38525
38529
38531
38533
38572
38585
38587
38609
38639
38670
38673
38678
38696
38732
38739
38748
38767
38767
38771
38797
38812
38833
38838
38838
38859
38865
38867
38870
38878
38888
38892
38899
38905
38915
38923
38925
38934
38941
38948
38950
38952
38977
38977
38991
39004
39008
39016
39027
39028
39030
39044
39055
39072
39078
39089
39095
39125
39140
39158
39169
39170
39191
39193
39237
39241
39277
39306
39306
39326
39333
39350
39351
39359
39361
39361
39394
39396
39400
39420
39424
39445
39477
39483
39491
39496
39510
39515
39539
39555
39556
39562
39567
39570
39570
39586
39589
39605
39624
39629
39630
39649
39666
39669
39686
39686
39695
39716
39742
39761
39768
39768
39772
39806
39808
39812
39813
39845
39857
39860
39864
39870
39879
39900
39902
39913
39928
39971
39974
39983
39989
39993
40006
40014
40023
40023
40026
40029
40030
40041
40043
40075
40100
40106
40136
40141
40152
40174
40178
40179
40198
40221
40230
40233
40244
40285
40290
40294
40317
40319
40367
40367
40368
40377
40380
40393
40413
40418
40428
40433
40435
40438
40471
40472
40504
40506
40507
40512
40544
40551
40555
40563
40572
40576
40578
40579
40579
40633
40638
40655
40676
40720
40743
40747
40776
40779
40782
40784
40786
40795
40798
40802
40805
40814
40838
40849
40862
40875
40879
40883
40889
40904
40907
40910
40934
40965
40986
40990
41016
41017
41022
41036
41045
41045
41054
41061
41063
41065
41066
41076
41094
41098
41110
41145
41153
41172
41187
41214
41225
41233
41266
41289
41294
41296
41307
41320
41320
41323
41330
41336
41336
41337
41363
41376
41386
41391
41400
41416
41444
41445
41446
41461
41468
41486
41489
41502
41503
41508
41544
41549
41558
41578
41578
41594
41595
41599
41600
41601
41604
41621
41640
41661
41677
41705
41714
41749
41762
41762
41766
41781
41809
41816
41819
41836
41874
41879
41883
41892
41902
41916
41925
41979
41987
41995
42020
42044
42054
42060
42064
42064
42065
42065
42072
42074
42077
42100
42102
42119
42124
42155
42156
42159
42163
42178
42194
42198
42218
42224
42251
42255
42260
42265
42266
42279
42284
42290
42290
42293
42295
42295
42307
42325
42334
42351
42355
42355
42357
42360
42372
42376
42382
42432
42476
42483
42492
42498
42507
42516
42517
42523
42534
42534
42536
42538
42547
42549
42569
42569
42577
42579
42580
42602
42624
42628
42631
42634
42637
42659
42678
42690
42696
42698
42715
42728
42767
42788
42792
42799
42804
42812
42817
42823
42832
42834
42861
42866
42887
42896
42921
42927
42932
42952
42966
42966
42969
42972
42975
42981
42999
43019
43030
43036
43046
43052
43067
43071
43090
43091
43104
43109
43121
43151
43154
43173
43183
43197
43207
43222
43222
43233
43245
43248
43251
43252
43255
43265
43267
43269
43272
43304
43305
43309
43323
43330
43347
43355
43358
43379
43383
43384
43385
43388
43389
43390
43400
43402
43407
43408
43408
43409
43424
43437
43460
43468
43469
43481
43484
43488
43503
43520
43522
43524
43533
43534
43538
43553
43558
43561
43573
43576
43578
43581
43630
43637
43638
43642
43648
43648
43669
43681
43682
43683
43692
43701
43715
43716
43719
43731
43735
43763
43779
43798
43803
43820
43823
43832
43849
43857
43868
43875
43884
43906
43936
43943
43958
43964
43969
43982
43990
43992
44008
44024
44025
44038
44045
44048
44054
44058
44061
44063
44088
44088
44113
44122
44169
44173
44186
44209
44238
44248
44270
44285
44309
44334
44337
44339
44340
44352
44356
44364
44381
44387
44389
44389
44391
44393
44420
44422
44433
44446
44481
44486
44496
44498
44517
44518
44525
44534
44547
44548
44551
44557
44560
44566
44573
44576
44582
44597
44604
44617
44636
44638
44640
44644
44646
44648
44655
44675
44688
44721
44747
44750
44756
44761
44764
44764
44772
44774
44786
44788
44806
44813
44826
44834
44838
44841
44842
44845
44849
44854
44863
44889
44894
44896
44934
44950
44959
44974
44981
44983
44995
45009
45015
45043
45061
45064
45089
45090
45122
45140
45154
45155
45158
45159
45162
45182
45202
45241
45254
45259
45265
45274
45276
45281
45283
45299
45312
45318
45338
45346
45348
45407
45412
45416
45426
45429
45444
45461
45470
45493
45497
45516
45521
45526
45527
45547
45556
45578
45588
45592
45595
45596
45614
45632
45635
45640
45650
45650
45660
45667
45689
45692
45698
45733
45745
45760
45767
45774
45784
45796
45797
45805
45807
45807
45818
45846
45866
45868
45887
45890
45896
45945
45958
45959
45967
45974
45983
45993
45998
46000
46002
46016
46026
46028
46038
46046
46065
46067
46130
46133
46146
46153
46173
46175
46196
46198
46199
46210
46216
46229
46240
46284
46285
46304
46313
46358
46358
46359
46363
46363
46404
46416
46433
46437
46439
46484
46491
46494
46502
46515
46543
46545
46548
46551
46551
46555
46556
46575
46584
46587
46597
46599
46601
46616
46625
46625
46650
46653
46674
46699
46704
46730
46745
46752
46774
46778
46793
46801
46833
46849
46872
46874
46880
46882
46893
46905
46914
46951
46964
46973
46979
46982
46986
47014
47025
47026
47029
47032
47034
47036
47043
47052
47055
47061
47074
47105
47128
47166
47172
47186
47194
47202
47244
47247
47275
47278
47279
47285
47293
47297
47298
47306
47386
47387
47389
47390
47391
47391
47397
47403
47410
47426
47435
47439
47447
47449
47458
47469
47475
47484
47493
47508
47513
47531
47532
47565
47573
47579
47582
47585
47609
47630
47630
47633
47663
47671
47677
47679
47687
47701
47722
47728
47733
47793
47800
47809
47818
47823
47830
47850
47857
47863
47871
47884
47896
47898
47920
47924
47925
47930
47932
47941
47945
47947
47957
47958
47969
47974
47979
47988
47989
48007
48017
48018
48021
48028
48031
48044
48047
48074
48080
48083
48093
48124
48138
48140
48143
48148
48149
48158
48166
48186
48188
48202
48202
48221
48228
48247
48262
48265
48266
48267
48274
48289
48295
48295
48302
48307
48318
48337
48353
48362
48373
48381
48388
48389
48394
48396
48402
48404
48406
48412
48429
48448
48466
48468
48469
48473
48477
48545
48557
48563
48602
48628
48631
48636
48639
48645
48665
48668
48671
48681
48684
48690
48691
48693
48708
48714
48726
48728
48731
48731
48736
48762
48769
48783
48799
48816
48841
48847
48850
48882
48891
48894
48895
48920
48926
48952
48968
48976
49006
49012
49025
49038
49049
49051
49055
49064
49092
49092
49124
49127
49135
49137
49140
49160
49165
49172
49178
49190
49193
49201
49204
49217
49223
49250
49254
49293
49296
49298
49308
49336
49366
49376
49384
49418
49431
49464
49474
49508
49508
49513
49540
49563
49573
49603
49605
49607
49609
49612
49647
49650
49660
49673
49676
49691
49704
49714
49761
49762
49789
49802
49806
49814
49838
49851
49854
49857
49860
49868
49934
49952
49954
49959
49965
49974
50002
50022
50044
50044
50048
50073
50117
50125
50141
50144
50166
50171
50173
50173
50181
50182
50187
50194
50199
50200
50216
50217
50223
50228
50237
50237
50250
50254
50263
50272
50275
50286
50307
50318
50321
50340
50347
50352
50357
50364
50376
50381
50385
50404
50410
50412
50439
50441
50442
50442
50470
50476
50479
50508
50513
50514
50522
50530
50550
50594
50595
50610
50617
50625
50667
50675
50675
50715
50718
50726
50731
50742
50758
50758
50763
50775
50799
50799
50819
50821
50835
50842
50859
50866
50886
50897
50903
50904
50924
50933
50934
51001
51011
51018
51058
51066
51070
51076
51091
51117
51126
51130
51144
51153
51178
51226
51226
51248
51263
51270
51293
51304
51311
51312
51319
51319
51319
51322
51329
51362
51379
51395
51397
51429
51448
51454
51462
51463
51474
51484
51487
51494
51496
51498
51501
51532
51532
51546
51551
51559
51572
51631
51634
51659
51662
51681
51681
51720
51724
51747
51759
51763
51804
51807
51808
51831
51849
51850
51870
51882
51896
51897
51932
51957
51960
52000
52002
52002
52018
52026
52065
52073
52084
52098
52113
52115
52120
52127
52146
52155
52165
52181
52190
52191
52202
52216
52222
52226
52232
52248
52264
52273
52274
52276
52285
52302
52311
52333
52348
52367
52383
52386
52387
52389
52391
52402
52418
52426
52438
52440
52448
52472
52483
52512
52514
52517
52525
52536
52544
52551
52573
52575
52595
52596
52598
52627
52646
52658
52671
52701
52701
52722
52747
52766
52787
52808
52808
52808
52871
52881
52899
52904
52905
52922
52927
52933
52949
52961
52962
52970
52979
52985
52993
53018
53026
53028
53029
53033
53035
53036
53040
53043
53104
53111
53112
53114
53119
53122
53135
53151
53160
53175
53178
53208
53225
53232
53244
53258
53272
53279
53287
53308
53314
53321
53326
53346
53406
53411
53416
53437
53444
53455
53461
53470
53480
53500
53509
53528
53538
53557
53560
53575
53582
53583
53610
53614
53617
53624
53630
53632
53648
53652
53675
53680
53740
53764
53784
53790
53791
53796
53796
53798
53804
53816
53821
53850
53855
53921
53925
53949
53954
53970
53988
53992
53994
53996
54002
54002
54005
54007
54008
54027
54028
54042
54043
54062
54073
54085
54106
54107
54114
54114
54124
54131
54156
54161
54162
54169
54173
54224
54251
54271
54273
54297
54313
54324
54326
54337
54338
54350
54352
54360
54366
54383
54391
54397
54448
54453
54491
54502
54504
54509
54524
54524
54527
54538
54539
54552
54554
54557
54558
54573
54577
54588
54592
54605
54614
54615
54618
54626
54628
54634
54706
54721
54730
54735
54739
54743
54763
54766
54778
54795
54800
54804
54806
54818
54831
54834
54845
54851
54856
54867
54878
54882
54901
54906
54906
54907
54908
54915
54915
54916
54924
54931
54937
54949
54963
54971
54971
54973
54974
54989
54992
55004
55006
55033
55042
55045
55057
55058
55059
55066
55093
55096
55096
55100
55113
55118
55119
55130
55131
55153
55159
55163
55184
55184
55185
55196
55208
55211
55223
55236
55238
55246
55254
55266
55269
55308
55308
55330
55340
55343
55352
55402
55403
55424
55437
55438
55446
55449
55450
55457
55471
55472
55502
55529
55530
55531
55533
55535
55547
55571
55589
55603
55611
55617
55625
55628
55639
55659
55682
55700
55716
55718
55732
55736
55820
55821
55833
55840
55842
55847
55854
55876
55923
55923
55956
55967
55979
56043
56043
56045
56049
56056
56095
56119
56121
56149
56160
56169
56169
56169
56195
56210
56214
56220
56242
56244
56256
56259
56274
56275
56283
56286
56306
56339
56340
56366
56371
56382
56396
56402
56414
56436
56445
56452
56455
56456
56466
56467
56483
56507
56514
56519
56523
56527
56551
56602
56605
56615
56635
56637
56648
56685
56688
56712
56718
56733
56766
56771
56775
56785
56807
56809
56811
56814
56816
56822
56854
56866
56870
56879
56879
56889
56912
56917
56929
56936
56945
56951
56954
57008
57016
57019
57031
57092
57116
57141
57141
57141
57149
57187
57194
57215
57224
57245
57255
57279
57286
57292
57300
57313
57328
57335
57340
57351
57359
57359
57391
57397
57402
57404
57407
57408
57425
57443
57448
57454
57459
57466
57483
57499
57500
57501
57524
57529
57549
57554
57559
57568
57579
57598
57620
57620
57638
57661
57668
57703
57708
57711
57738
57753
57780
57801
57802
57809
57825
57829
57841
57851
57876
57888
57903
57907
57923
57950
57954
57957
57961
57965
57965
57982
58026
58027
58048
58080
58083
58083
58105
58127
58209
58212
58227
58241
58247
58254
58291
58297
58301
58310
58316
58340
58343
58344
58359
58360
58386
58392
58394
58412
58423
58466
58499
58536
58541
58543
58547
58557
58562
58565
58566
58598
58599
58600
58601
58602
58603
58622
58626
58634
58635
58643
58650
58651
58655
58665
58668
58672
58677
58678
58682
58686
58686
58688
58688
58691
58695
58697
58701
58749
58756
58761
58764
58780
58796
58811
58849
58858
58872
58875
58948
58970
58973
58979
58989
58994
58997
58998
59007
59014
59025
59032
59032
59034
59038
59048
59050
59059
59065
59076
59095
59103
59113
59131
59137
59150
59157
59170
59172
59173
59188
59211
59215
59217
59232
59261
59278
59288
59289
59297
59301
59312
59314
59316
59318
59327
59339
59339
59360
59372
59382
59388
59426
59428
59437
59462
59482
59492
59510
59520
59531
59533
59540
59547
59556
59566
59572
59586
59596
59601
59617
59619
59629
59632
59637
59642
59643
59682
59686
59700
59706
59729
59751
59765
59765
59766
59808
59840
59840
59847
59857
59896
59899
59922
59926
59984
59987
60000
60002
60026
60027
60034
60037
60038
60042
60042
60049
60057
60068
60077
60087
60094
60124
60128
60138
60158
60176
60179
60180
60201
60230
60237
60242
60258
60259
60289
60325
60331
60369
60381
60383
60386
60402
60405
60416
60447
60450
60451
60454
60459
60461
60466
60472
60483
60495
60495
60513
60514
60535
60538
60542
60547
60564
60573
60623
60643
60654
60662
60693
60702
60711
60712
60712
60718
60720
60720
60732
60741
60757
60761
60761
60776
60786
60798
60802
60823
60831
60843
60851
60879
60880
60882
60890
60899
60926
60937
60954
60959
61002
61019
61020
61022
61022
61023
61038
61073
61087
61094
61100
61110
61128
61132
61146
61158
61165
61183
61184
61188
61193
61193
61209
61211
61214
61225
61228
61230
61253
61275
61288
61289
61299
61309
61309
61343
61373
61412
61443
61460
61461
61476
61478
61499
61506
61515
61533
61536
61561
61579
61592
61622
61630
61637
61639
61640
61648
61660
61685
61690
61690
61696
61699
61706
61740
61747
61748
61752
61754
61760
61763
61765
61767
61772
61783
61809
61837
61858
61866
61881
61887
61919
61929
61980
61981
61985
61985
61987
61991
61996
61999
62005
62006
62006
62027
62030
62037
62039
62050
62061
62082
62111
62123
62137
62140
62148
62180
62185
62189
62194
62198
62225
62226
62239
62241
62243
62257
62267
62274
62276
62296
62298
62304
62306
62333
62338
62343
62345
62351
62351
62360
62383
62389
62400
62448
62453
62456
62458
62467
62471
62484
62507
62511
62535
62541
62589
62590
62599
62606
62660
62704
62716
62723
62725
62734
62749
62757
62760
62784
62788
62790
62805
62824
62832
62837
62839
62840
62841
62846
62851
62856
62891
62901
62931
62943
62946
62959
62961
62965
62979
62983
62985
63014
63016
63033
63040
63047
63050
63060
63062
63104
63119
63121
63123
63132
63132
63161
63167
63178
63179
63182
63191
63202
63229
63247
63258
63260
63276
63279
63287
63293
63300
63325
63330
63344
63353
63375
63408
63415
63430
63430
63441
63442
63462
63475
63509
63511
63515
63519
63523
63528
63548
63551
63554
63558
63562
63579
63580
63588
63589
63591
63594
63603
63613
63613
63625
63625
63627
63631
63633
63642
63646
63649
63660
63683
63683
63690
63709
63739
63744
63748
63749
63769
63778
63784
63788
63801
63804
63812
63833
63847
63850
63863
63866
63870
63898
63933
63942
63968
63984
64018
64022
64023
64025
64032
64033
64047
64074
64082
64087
64101
64102
64108
64133
64156
64175
64179
64210
64231
64233
64234
64235
64250
64251
64252
64271
64274
64299
64307
64320
64342
64345
64356
64384
64393
64399
64408
64409
64409
64425
64459
64474
64478
64479
64485
64487
64489
64500
64507
64521
64575
64593
64598
64613
64627
64640
64641
64650
64651
64652
64653
64656
64657
64667
64673
64675
64689
64702
64703
64705
64721
64763
64779
64794
64794
64822
64825
64832
64832
64833
64846
64846
64847
64854
64855
64862
64899
64908
64910
64917
64943
65005
65011
65055
65059
65060
65064
65075
65113
65135
65149
65154
65163
65168
65179
65186
65209
65210
65225
65227
65227
65253
65259
65274
65277
65285
65286
65294
65299
65321
65346
65354
65365
65379
65393
65394
65396
65397
65415
65416
65428
65441
65465
65484
65489
65505
65525
65540
65550
65574
65576
65592
65598
65604
65629
65631
65635
65637
65641
65662
65679
65704
65717
65721
65724
65737
65745
65754
65769
65770
65771
65786
65801
65802
65804
65814
65837
65845
65851
65856
65862
65884
65892
65893
65899
65917
65949
65975
65998
66014
66027
66047
66049
66063
66068
66073
66078
66085
66087
66090
66135
66145
66146
66149
66158
66163
66178
66189
66197
66197
66209
66215
66221
66224
66248
66251
66275
66333
66354
66362
66398
66409
66415
66415
66417
66447
66450
66475
66502
66509
66519
66525
66540
66550
66553
66577
66596
66610
66624
66629
66640
66655
66711
66712
66737
66760
66774
66797
66797
66812
66813
66820
66834
66851
66888
66893
66896
66910
66925
66952
66964
66969
66972
67002
67005
67008
67033
67034
67051
67057
67076
67081
67085
67095
67097
67099
67104
67107
67110
67110
67120
67122
67125
67139
67141
67157
67181
67191
67205
67224
67227
67228
67245
67262
67262
67265
67271
67287
67291
67315
67315
67318
67331
67336
67373
67389
67396
67416
67444
67451
67470
67490
67494
67498
67511
67539
67543
67547
67548
67589
67593
67593
67598
67601
67609
67613
67625
67627
67634
67670
67680
67701
67707
67710
67727
67749
67750
67751
67764
67784
67815
67828
67840
67853
67861
67887
67905
67905
67906
67914
67916
67918
67923
67974
67987
67995
68006
68013
68025
68045
68050
68051
68058
68068
68069
68079
68083
68096
68101
68102
68122
68155
68170
68175
68180
68186
68190
68206
68248
68259
68265
68292
68298
68298
68302
68303
68327
68350
68364
68364
68376
68385
68419
68436
68460
68462
68469
68472
68497
68510
68516
68522
68552
68559
68575
68577
68578
68587
68598
68606
68607
68622
68632
68635
68636
68640
68645
68650
68659
68673
68695
68699
68708
68712
68723
68724
68735
68736
68755
68770
68789
68798
68801
68822
68832
68847
68847
68862
68862
68873
68875
68885
68886
68896
68915
68928
68933
68946
68977
69000
69011
69016
69026
69030
69052
69070
69075
69123
69126
69129
69145
69167
69174
69180
69184
69193
69219
69223
69253
69272
69275
69277
69312
69319
69326
69333
69335
69339
69342
69345
69357
69363
69373
69440
69441
69441
69477
69505
69520
69524
69525
69530
69536
69554
69571
69579
69584
69602
69607
69617
69643
69643
69649
69662
69665
69695
69697
69697
69725
69742
69775
69779
69797
69806
69817
69818
69837
69852
69866
69880
69888
69924
69927
69937
69938
69941
69946
69965
69975
70012
70013
70014
70027
70050
70053
70064
70085
70103
70103
70122
70139
70145
70157
70157
70170
70170
70186
70202
70210
70212
70252
70263
70277
70277
70303
70304
70317
70332
70341
70344
70354
70356
70375
70383
70390
70455
70464
70466
70469
70495
70497
70528
70533
70553
70567
70570
70599
70604
70611
70624
70630
70639
70666
70672
70679
70690
70697
70697
70704
70713
70725
70733
70748
70796
70836
70839
70840
70851
70852
70893
70899
70912
70914
70916
70934
70939
70943
70944
70944
70975
70984
70985
70988
71007
71029
71034
71034
71037
71050
71058
71063
71067
71125
71127
71146
71150
71150
71151
71156
71166
71178
71202
71247
71264
71276
71292
71314
71326
71337
71341
71363
71365
71366
71368
71369
71371
71382
71384
71402
71420
71422
71424
71427
71458
71478
71479
71486
71498
71504
71507
71525
71619
71622
71622
71626
71630
71647
71653
71678
71683
71693
71694
71703
71720
71724
71751
71753
71768
71794
71809
71814
71817
71822
71853
71854
71867
71868
71895
71896
71935
71936
71960
71971
72009
72027
72034
72068
72082
72093
72100
72109
72110
72115
72138
72154
72181
72193
72199
72212
72212
72231
72249
72256
72268
72269
72272
72285
72301
72304
72338
72368
72384
72405
72427
72432
72437
72470
72491
72500
72514
72533
72546
72551
72559
72567
72567
72590
72595
72596
72625
72626
72627
72633
72643
72651
72662
72663
72664
72666
72668
72679
72685
72692
72697
72708
72739
72740
72744
72746
72768
72777
72796
72812
72813
72821
72842
72846
72849
72862
72863
72869
72870
72872
72887
72890
72894
72895
72898
72900
72926
72941
72960
72991
73000
73020
73021
73041
73046
73047
73062
73086
73111
73115
73121
73126
73137
73144
73157
73161
73163
73196
73215
73231
73234
73236
73243
73291
73292
73324
73338
73345
73347
73353
73366
73391
73396
73398
73409
73421
73422
73426
73449
73455
73458
73460
73461
73468
73508
73511
73511
73515
73520
73523
73532
73543
73558
73561
73577
73599
73608
73695
73696
73724
73736
73739
73753
73763
73776
73780
73821
73822
73869
73872
73887
73901
73937
73938
73949
73951
73966
73978
74002
74025
74027
74041
74047
74059
74063
74069
74079
74088
74089
74110
74118
74123
74154
74179
74180
74184
74191
74211
74217
74221
74238
74245
74247
74255
74259
74269
74274
74287
74303
74334
74348
74361
74364
74393
74399
74403
74406
74412
74441
74451
74471
74474
74481
74486
74488
74506
74527
74542
74543
74551
74555
74559
74574
74581
74588
74609
74630
74638
74640
74642
74642
74665
74669
74671
74678
74683
74705
74715
74727
74729
74744
74748
74767
74772
74777
74778
74783
74785
74787
74791
74822
74824
74875
74882
74882
74909
74925
74925
74951
74985
74999
75002
75008
75041
75043
75047
75093
75101
75116
75117
75121
75126
75127
75153
75163
75171
75201
75265
75272
75275
75291
75295
75299
75311
75316
75317
75318
75345
75364
75369
75369
75372
75399
75399
75404
75414
75416
75425
75425
75448
75453
75477
75483
75491
75491
75494
75498
75531
75566
75571
75583
75598
75612
75628
75631
75632
75654
75661
75671
75677
75678
75707
75708
75720
75726
75736
75739
75746
75757
75778
75789
75814
75822
75823
75835
75837
75855
75863
75875
75889
75897
75924
75925
75929
75954
75967
75982
76025
76036
76040
76044
76057
76059
76067
76074
76083
76097
76102
76103
76107
76109
76110
76142
76162
76164
76175
76176
76193
76196
76210
76229
76230
76232
76244
76273
76280
76292
76302
76305
76306
76309
76319
76325
76325
76336
76353
76356
76364
76367
76383
76395
76396
76397
76418
76457
76461
76462
76464
76466
76477
76478
76489
76522
76526
76534
76539
76540
76588
76622
76622
76639
76684
76691
76705
76742
76750
76758
76772
76785
76791
76792
76809
76829
76830
76838
76849
76869
76892
76901
76920
76936
76966
76968
76976
77013
77021
77041
77046
77063
77071
77082
77090
77096
77097
77098
77128
77132
77136
77160
77173
77179
77182
77184
77184
77193
77201
77202
77233
77237
77243
77247
77259
77265
77266
77268
77269
77271
77282
77288
77303
77352
77355
77361
77372
77372
77391
77405
77410
77418
77438
77469
77479
77506
77531
77532
77543
77547
77554
77555
77559
77562
77591
77594
77599
77602
77607
77627
77630
77671
77671
77686
77704
77705
77717
77719
77734
77736
77747
77769
77778
77780
77801
77836
77851
77863
77878
77891
77891
77939
77948
77952
77953
77968
77987
78010
78054
78055
78078
78080
78089
78089
78089
78099
78108
78113
78116
78140
78151
78159
78161
78167
78184
78186
78205
78215
78222
78223
78230
78243
78247
78254
78255
78256
78257
78259
78263
78264
78264
78283
78297
78300
78306
78326
78332
78337
78359
78362
78362
78364
78378
78394
78398
78399
78406
78411
78414
78416
78428
78431
78446
78450
78454
78463
78465
78471
78492
78515
78520
78534
78546
78553
78555
78566
78598
78615
78621
78641
78648
78663
78665
78671
78679
78681
78687
78691
78705
78723
78737
78758
78761
78776
78779
78802
78815
78816
78819
78828
78865
78877
78889
78891
78891
78895
78899
78900
78904
78907
78913
78913
78934
78938
78943
78963
78970
78972
78975
78982
78986
78986
79053
79069
79077
79085
79089
79095
79099
79104
79109
79135
79146
79147
79147
79150
79166
79187
79211
79214
79217
79221
79225
79245
79259
79269
79281
79287
79297
79300
79312
79314
79318
79318
79332
79342
79374
79390
79393
79399
79405
79423
79423
79441
79446
79487
79500
79512
79516
79536
79540
79547
79550
79564
79582
79598
79625
79639
79658
79662
79702
79709
79709
79726
79738
79743
79743
79755
79779
79792
79794
79819
79820
79830
79866
79871
79891
79911
79927
79949
79967
79990
80004
80007
80045
80050
80057
80062
80066
80067
80068
80110
80153
80157
80167
80188
80199
80202
80218
80221
80238
80246
80249
80273
80288
80302
80322
80323
80326
80332
80344
80362
80367
80377
80379
80416
80436
80437
80446
80447
80449
80459
80474
80483
80493
80495
80498
80505
80511
80517
80525
80533
80548
80559
80582
80648
80663
80704
80710
80717
80719
80720
80722
80733
80742
80754
80761
80773
80791
80824
80833
80837
80840
80844
80853
80864
80887
80914
80924
80948
80952
80954
80963
80980
80982
80988
81012
81019
81055
81060
81062
81078
81078
81079
81097
81140
81144
81153
81160
81165
81192
81204
81211
81212
81212
81221
81223
81226
81236
81241
81245
81264
81267
81285
81290
81291
81304
81306
81318
81333
81335
81340
81346
81363
81373
81386
81396
81397
81406
81412
81419
81423
81432
81434
81451
81466
81466
81466
81474
81510
81523
81541
81555
81559
81562
81580
81583
81584
81598
81604
81611
81638
81701
81723
81730
81749
81779
81779
81803
81804
81820
81826
81833
81849
81864
81889
81892
81893
81899
81918
81921
81921
81924
81928
81928
81935
81936
81943
81949
81958
81963
81975
81980
82000
82001
82032
82033
82042
82046
82052
82089
82092
82095
82099
82103
82120
82124
82127
82134
82197
82213
82219
82222
82223
82252
82256
82280
82303
82341
82348
82360
82382
82388
82395
82403
82416
82435
82437
82450
82467
82469
82472
82474
82476
82515
82546
82554
82558
82568
82599
82601
82601
82606
82607
82622
82670
82681
82715
82719
82725
82758
82788
82803
82835
82849
82853
82859
82869
82877
82879
82882
82895
82895
82902
82933
82948
82950
82952
82954
82954
82963
82977
83059
83062
83067
83068
83080
83081
83112
83113
83117
83124
83149
83158
83171
83176
83221
83265
83266
83273
83277
83278
83318
83338
83351
83378
83383
83419
83422
83426
83436
83471
83472
83489
83518
83525
83526
83535
83539
83557
83564
83577
83578
83603
83611
83620
83631
83633
83635
83651
83655
83656
83676
83687
83689
83698
83707
83717
83725
83730
83735
83740
83755
83762
83770
83775
83788
83795
83808
83813
83822
83859
83864
83874
83890
83900
83922
83927
83932
83940
83946
83949
83993
83995
84001
84020
84058
84068
84070
84096
84096
84101
84130
84163
84171
84221
84232
84232
84248
84270
84271
84300
84326
84330
84348
84359
84375
84418
84422
84424
84430
84468
84496
84510
84510
84529
84533
84538
84554
84563
84568
84571
84581
84597
84604
84605
84612
84678
84685
84686
84696
84697
84702
84705
84713
84735
84735
84741
84763
84772
84775
84777
84783
84794
84794
84797
84798
84809
84812
84823
84824
84862
84868
84873
84892
84919
84923
84932
84935
84950
84952
84952
84973
84976
84977
84986
85003
85007
85011
85022
85024
85037
85044
85045
85064
85078
85112
85117
85118
85143
85148
85151
85152
85160
85165
85171
85178
85181
85201
85238
85259
85265
85286
85286
85288
85293
85305
85314
85314
85333
85353
85357
85390
85400
85414
85453
85463
85467
85475
85482
85485
85529
85529
85538
85580
85589
85632
85633
85638
85648
85659
85660
85681
85695
85695
85700
85705
85716
85721
85737
85741
85771
85866
85877
85877
85882
85927
85929
85934
85949
85963
85976
86000
86006
86010
86044
86060
86077
86087
86118
86118
86134
86141
86160
86165
86168
86170
86174
86191
86195
86197
86205
86207
86219
86231
86234
86236
86255
86262
86267
86291
86320
86323
86340
86341
86362
86362
86363
86409
86416
86437
86463
86467
86467
86473
86478
86494
86494
86509
86509
86511
86512
86525
86532
86536
86538
86549
86556
86562
86573
86573
86575
86577
86580
86585
86602
86608
86609
86609
86646
86648
86661
86676
86680
86701
86706
86714
86731
86733
86744
86745
86753
86757
86777
86784
86785
86790
86800
86804
86846
86848
86849
86867
86887
86917
86936
86950
86951
86954
86968
86973
86990
86993
87021
87043
87045
87070
87078
87102
87120
87136
87145
87149
87157
87163
87165
87167
87192
87193
87195
87228
87245
87246
87263
87269
87277
87283
87300
87310
87310
87313
87322
87357
87369
87376
87397
87398
87414
87424
87459
87465
87513
87518
87524
87525
87533
87536
87576
87596
87604
87623
87625
87628
87630
87638
87649
87659
87671
87683
87688
87696
87710
87713
87717
87722
87724
87740
87749
87761
87764
87770
87771
87778
87784
87788
87795
87802
87815
87819
87828
87854
87857
87858
87865
87871
87882
87889
87919
87920
87926
87933
87940
87963
87968
87978
87979
88459
88626
89359
89470
89606
89969
90139
90583
90753
90934
91639
91806
92438
92875
93322
93468
93723
93725
94025
94564
94569
94570
94822
96478
96491
96766
97225
97398
98204
98803
98809
99248
99433
99791
99921
99931
100085
100269
100510
100537
100608
101093
101109
101110
101668
101958
102046
102151
102624
103155
103199
103697
104077
104838
105310
105346
105566
105961
106578
106945
107977
108317
108368
108677
108740
109109
109274
109451
109540
109587
109622
110818
110982
111057
111200
111240
111549
112032
112306
112707
112829
113019
113041
113253
113650
113683
113822
113842
113895
114256
114647
115493
117674
117687
117867
117869
118195
118251
118312
119491
120619
120785
120876
121282
121480
121523
121658
121932
123070
124238
124262
124732
124849
124868
125499
125988
126277
126307
126889
127515
127568
127749
127810
128283
128549
129291
129704
130132
130313
130497
130653
130715
130777
131178
131430
131584
131622
131670
131746
132232
132238
132365
132735
134585
134638
136441
136754
136777
136908
137464
137688
137814
137815
138091
138370
138638
138864
139197
139379
139403
139847
139991
140051
140130
140300
141777
142402
142579
143109
143837
143865
144294
144397
144490
144975
145247
145257
145421
145601
146140
146474
146571
146678
146693
146776
147211
147293
147408
147815
147824
148005
148216
148423
148436
149069
149706
149852
150126
150337
150509
150895
151128
151365
151562
151792
152391
152623
153322
153368
153615
153773
153862
154299
154477
154983
155320
155419
155935
157283
157567
157778
157878
157927
158397
158871
159080
160191
160261
160523
160586
160627
160929
161381
161869
162124
162155
162562
162919
163382
163457
163752
164023
164198
164294
164343
164614
164707
165685
165756
165808
165827
166106
166328
166360
166480
167053
167914
168052
168177
168984
169189
169326
170208
170742
170891
171553
171798
172183
172504
174099
174605
174772
174795
174797
174973
175300
175353
175379
175758
176098
176262
176950
177205
177327
177556
177636
179958
180079
180300
181190
183212
183823
185059
186038
186318
186716
188110
188189
188464
189207
190849
191936
193000
193772
193893
194130
194940
196342
196744
197073
198722
198902
199108
199272
200356
200869
201240
201715
201718
202893
203123
203469
204179
204666
204966
206708
207092
207175
208214
209822
211322
211391
211763
212693
212888
213146
213171
215898
216952
217404
217640
217929
219492
221049
222044
222616
222971
224254
224695
224980
225722
226283
226424
228084
228224
228269
228484
229472
229656
229843
230307
230887
231028
231839
232598
234545
234688
235023
236128
237215
238477
238803
238908
239726
239925
240778
242334
242867
243278
243316
243810
243892
244128
244900
245595
249989
250649
251784
252547
252821
254108
254360
254735
255287
257137
257368
257501
258011
259771
261705
261925
261933
262102
262203
263540
264575
267993
268689
270171
270679
272639
274935
275750
277605
277760
279462
280815
281002
284205
285174
285546
287116
288212
289336
292213
293325
297938
298106
300082
300953
301003
301890
302145
303182
304006
306719
307713
308013
308343
308459
314086
316604
316680
320841
323282
333038
334198
337862
338722
339292
339694
341490
343086
344881
346651
347818
348292
348667
350810
352050
354480
354725
355345
356597
357403
357771
358093
359014
360625
361598
361724
362370
362738
363241
363563
363802
363924
366030
366298
367358
368564
368930
369038
369320
369427
369689
370135
370600
370854
370997
372071
373731
373785
374859
375640
378112
378879
378919
379440
380663
382583
382742
383481
383611
385575
386222
387242
389956
389978
390962
391532
392172
395937
396098
396310
397764
397780
397960
398126
399397
401250
401841
404096
404509
405248
409654
409810
412452
413153
413285
413555
414073
415152
419955
420345
420470
420862
424372
425507
426794
428921
431339
432134
435830
436295
436640
436942
437982
437992
442756
445011
445960
445981
449432
450190
451253
452703
453298
453485
454442
454625
454766
459424
459576
459991
460132
461358
461684
462031
462595
463553
464641
465048
469601
471396
473052
474807
475516
477314
480595
481358
481772
481912
482590
482608
482933
483203
483682
486583
487124
487491
488043
489227
489535
490715
491385
492147
492834
493246
494380
505361
505437
506664
507083
507522
508723
512846
512954
514378
515705
516618
517530
517581
520188
520850
521641
521987
522075
522457
523564
527280
534648
538373
539266
540366
541807
542072
544317
547901
548547
549613
553086
553226
558190
560541
563828
565691
570156
572824
578378
579833
582085
582260
585248
585456
587271
591962
594972
598017
598623
599249
599530
600497
603649
608269
613069
614900
626390
637629
646529
649470
666715
682189
689554
694115
695989
708986
713631
718311
738194
755497
756307
766105
767166
788082
797346
803809
810482
815406
826407
829102
845569
856264
856970
881673
885402
894275
900419
900502
918600
918654
923446
924396
926842
937380
937697
939465
941531
952158
954189
958637
962721
968105
968735
972089
973179
973276
975882
976956
979071
981023
981083
981259
981294
982996
983238
983879
984404
985607
987276
987464
987622
988853
988966
990313
990655
991353
991756
991920
994745
994753
996180
996612
997714
997885
999462
999974
1000411
1000995
1001393
1004077
1004732
1004864
1008851
1010003
1011505
1011685
1011750
1012152
1012504
1013126
1014991
1015776
1019173
1019484
1021637
1022094
1022223
1022677
1022792
1025449
1025610
1026019
1026589
1029005
1029543
1031395
1032702
1032779
1035697
1037460
1037814
1039357
1041614
1041725
1041768
1042330
1043009
1043267
1043604
1044301
1045471
1046174
1047020
1048521
1049050
1053242
1053644
1054085
1055315
1055809
1055893
1151719
1178100
1183053
1185314
1190092
1193039
1208788
1218679
1224327
1242661
1243611
1275492
1280922
1295304
1297906
1298718
1319087
1319961
1322501
1328476
1341101
1345153
1345931
1351192
1351474
1357063
1362478
1374107
1375060
1381890
1382492
1385067
1385265
1390739
1401294
1405206
1408404
1415013
1423117
1425010
1426736
1440778
1478725
1482951
1487587
1498919
1502545
1510190
1538392
1560396
1569519
1570810
1574819
1583643
1619411
1622671
1624901
1629369
1638323
1648998
1659126
1663875
1668208
1674593
1682784
1683780
1688786
1688810
1691632
1695424
1696137
1697310
1704521
1708349
1709721
1710525
1711997
1713191
1719872
1725355
1725704
1726090
1729247
1737694
1740639
1740790
1741536
1742871
1752026
1753126
1781539
1783052
1795531
1802042
1806764
1822746
1824031
1843817
1845609
1878618
1878835
1894248
1899941
1900206
1911151
1919188
1924306
1926296
1937932
1942904
1949234
1950880
1952394
1954600
1960112
1964880
1968683
1982078
1984107
1987480
1992526
1993750
1999403
2011848
2021742
2023503
2024657
2029472
2034658
2038654
2042465
2049191
2060878
2099280
2107118
2114546
2118315
2121073
2122799
2139423
2148539
2170037
2187314
2191694
2483820
2490796
2491314
2502225
2513012
2515430
2534786
2548769
2550293
2554378
2554469
2554487
2554958
2562144
2571045
2573364
2578194
2583017
2585431
2587338
2589034
2594801
2595640
2596485
2598147
2599610
2602333
2603625
2606983
2607748
2613515
2613562
2615657
2622225
2626345
2634839
2641907
2645420
2650113
2656210
2676162
2682104
2708174
2715289
2724334
2728445
2734624
2744671
2758749
2766811
2771553
2774239
2776530
2777339
2778800
2780497
2793212
2794710
2798384
2803441
2809204
2811772
2814187
2816956
2832460
2832832
2834347
2845194
2845242
2848321
2860933
2862830
2866304
2868731
2872678
2874014
2875572
2881033
2883256
2895703
2898121
2908896
2915711
2919573
2921048
2921255
2926512
2927225
2934177
2934851
2936666
2942422
2943643
2946057
2947302
2947343
2949914
2953416
2959395
2965258
2965279
2968272
2969498
2971090
2973900
2976398
2987492
2987550
2992833
3001782
3002866
3009784
3010003
3010637
3016285
3028344
3040507
3041405
3043471
3043726
3046115
3057180
3062777
3063604
3070543
3074609
3184959
3191753
3207914
3207930
3208006
3235707
3236750
3240697
3248172
3260208
3266807
3269922
3272483
3293666
3317573
3321709
3325730
3334752
3344561
3361303
3366680
3367609
3387946
3408179
3419054
3420479
3422685
3433394
3444749
3454972
3460714
3477973
3491025
3516227
3517382
3518818
3619442
3622342
3631116
3638493
3656424
3678155
3684339
3685121
3688216
3878579
3884877
3889969
3912517
3918658
3925283
3934499
3948093
3958537
4050568
4056885
4063983
4070940
4074424
4076027
4078133
4087511
4089191
4093473
4101541
4101895
4120174
4124422
4124599
4127589
4127636
4132877
4842142
4846652
4853117
4879216
4900047
4914444
4922606
4922824
4923036
4928518
4950746
4952030
4962781
4963492
4967085
4987619
4988834
5001338
5291020
5293483
5305755
5306453
5317788
5323323
5324487
5352191
5360481
5551426
5555244
5557854
5565071
5588858
5614763
5620320
5623296
5629890
5808889
5826387
5838181
5861951
5863870
5864448
5880555
5890209
5890808
5911212
5916760
5918156
5925449
5925503
5931995
5941180
5948783
5980551
5997306
6007304
6009116
6010828
6026698
6027810
6043827
6059778
6062276
6522024
6522839
6524124
6547675
6552344
6559209
6575229
6591006
6592202
6866131
6866912
6915387
6921589
6928955
6935060
6941219
6943201
6949113
8189576
8194379
8198310
8207260
8208587
8240707
8257867
8258161
8267859
8279343
8285155
8288112
8290980
8292006
8304219
8306926
8346188
8351597
8716374
8722297
8732686
8741787
8745350
8751504
8758465
8765728
8788020