32
37
70
82
83
128
132
156
170
173
178
190
262
264
294
312
317
336
380
440
476
483
502
570
725
735
737
794
813
813
815
822
823
884
938
942
942
959
968
986
988
1021
1030
1042
1068
1081
1090
1130
1140
1156
1198
1228
1229
1236
1243
1252
1276
1306
1319
1334
1383
1402
1460
1516
1517
1527
1535
1555
1570
1582
1584
1597
1610
1645
1670
1709
1727
1743
1838
1854
1855
1864
1867
1871
1872
1917
1930
1959
1988
2020
2036
2037
2053
2076
2146
2164
2191
2195
2204
2208
2250
2253
2267
2275
2320
2411
2432
2472
2474
2508
2545
2569
2572
2600
2621
2631
2642
2651
2689
2715
2716
2716
2747
2756
2774
2808
2853
2877
2928
2999
3070
3122
3125
3157
3227
3341
3351
3391
3395
3428
3443
3452
3457
3501
3520
3525
3552
3565
3609
3625
3631
3638
3640
3651
3657
3668
3694
3801
3818
3839
3903
3928
3944
3944
3960
3995
4006
4018
4038
4044
4070
4072
4136
4163
4169
4202
4235
4262
4265
4289
4292
4313
4320
4322
4324
4329
4331
4332
4341
4342
4347
4356
4365
4387
4388
4395
4483
4493
4522
4530
4538
4557
4572
4603
4607
4640
4649
4698
4718
4742
4747
4762
4814
4824
4854
4859
4890
4933
4935
4971
4987
5008
5008
5038
5043
5079
5086
5127
5137
5178
5183
5240
5255
5293
5302
5371
5389
5418
5457
5502
5512
5544
5584
5668
5669
5677
5713
5749
5770
5771
5780
5809
5819
5868
5873
5889
5931
5987
6010
6014
6019
6028
6047
6114
6146
6174
6191
6209
6252
6283
6297
6316
6343
6354
6419
6468
6497
6501
6548
6591
6594
6596
6597
6628
6662
6668
6699
6736
6748
6796
6874
6877
6879
6943
6961
6970
6988
7049
7050
7074
7090
7097
7103
7106
7110
7116
7183
7205
7243
7246
7269
7299
7314
7348
7353
7369
7379
7416
7451
7459
7487
7502
7516
7527
7528
7544
7568
7614
7713
7723
7743
7864
7867
7875
7930
7970
7972
7980
7995
8069
8121
8139
8165
8320
8351
8362
8367
8381
8396
8418
8425
8425
8432
8500
8547
8573
8577
8585
8594
8594
8615
8627
8631
8674
8674
8699
8810
8813
8818
8853
8882
8904
8989
9003
9003
9109
9115
9119
9183
9188
9206
9208
9298
9345
9387
9439
9472
9475
9482
9494
9541
9613
9651
9662
9686
9721
9724
9738
9744
9749
9765
9791
9793
9799
9803
9835
9903
9933
9946
9949
9983
9998
10056
10067
10080
10081
10134
10168
10227
10229
10241
10312
10321
10333
10336
10337
10405
10406
10432
10434
10565
10574
10584
10605
10663
10675
10707
10712
10730
10740
10778
10814
10849
10859
10862
10891
10919
10930
10943
10960
11002
11087
11107
11120
11128
11155
11171
11183
11280
11310
11322
11397
11432
11458
11461
11469
11471
11476
11507
11514
11587
11711
11734
11782
11792
11797
11813
11839
11863
11891
11909
11919
11932
11937
11939
11978
12004
12015
12018
12037
12056
12059
12094
12103
12105
12106
12111
12121
12127
12130
12132
12168
12169
12170
12212
12237
12275
12384
12419
12478
12491
12511
12622
12629
12716
12751
12768
12777
12780
12817
12871
12901
12907
12928
12933
12959
13009
13010
13017
13039
13070
13083
13119
13140
13145
13146
13160
13178
13193
13210
13225
13282
13320
13339
13342
13344
13354
13367
13368
13392
13436
13468
13542
13547
13558
13594
13606
13608
13684
13703
13733
13779
13795
13836
13840
13880
13906
13937
13961
13978
14033
14133
14193
14308
14561
14563
14564
14565
14572
14589
14589
14599
14645
14648
14648
14654
14660
14680
14682
14771
14796
14796
14834
14838
14841
15009
15045
15051
15080
15102
15137
15137
15183
15204
15218
15269
15299
15335
15355
15367
15427
15442
15461
15484
15504
15533
15583
15587
15642
15650
15673
15679
15684
15717
15782
15821
15837
15844
15844
15873
15890
15892
15900
15952
16058
16059
16061
16180
16230
16264
16341
16346
16350
16363
16369
16390
16397
16400
16413
16447
16499
16587
16615
16642
16646
16784
16841
16846
16897
16931
16948
16948
16949
17005
17008
17012
17029
17060
17098
17118
17158
17191
17208
17264
17280
17298
17327
17328
17419
17447
17470
17474
17494
17536
17557
17568
17579
17647
17666
17669
17687
17698
17706
17720
17724
17740
17774
17776
17788
17806
17817
17845
17880
17914
17952
17993
17997
18039
18052
18052
18087
18093
18098
18099
18152
18181
18206
18290
18368
18382
18406
18424
18430
18449
18473
18491
18524
18535
18537
18542
18570
18573
18573
18583
18588
18598
18626
18630
18631
18644
18653
18679
18713
18768
18772
18778
18779
18796
18827
18871
18892
18901
18959
18959
18969
18970
18980
18983
18997
18998
19004
19045
19054
19054
19079
19103
19108
19188
19200
19200
19243
19299
19316
19337
19405
19433
19452
19483
19497
19512
19545
19571
19587
19612
19621
19639
19700
19712
19725
19735
19810
19830
19852
19890
19899
19921
19937
19944
20025
20085
20090
20115
20120
20124
20138
20159
20221
20272
20297
20315
20316
20318
20367
20381
20407
20436
20459
20460
20462
20463
20480
20514
20515
20517
20520
20556
20583
20606
20618
20636
20653
20757
20761
20769
20821
20863
20892
20928
20960
20986
21040
21068
21099
21125
21135
21139
21141
21154
21181
21270
21313
21325
21341
21381
21387
21392
21500
21502
21562
21595
21606
21612
21618
21624
21626
21684
21685
21702
21704
21738
21764
21803
21849
21883
21899
21985
21994
22007
22019
22063
22151
22151
22157
22168
22173
22188
22216
22260
22264
22276
22279
22308
22358
22360
22419
22451
22487
22537
22557
22557
22565
22597
22621
22630
22675
22677
22683
22685
22695
22759
22759
22797
22818
22894
22934
22939
22981
22993
23005
23010
23047
23087
23103
23115
23150
23180
23184
23199
23262
23333
23390
23407
23428
23446
23469
23486
23489
23511
23530
23545
23547
23569
23585
23613
23616
23668
23706
23776
23783
23790
23793
23877
23928
23942
23948
23973
24073
24138
24171
24203
24217
24250
24300
24351
24395
24440
24450
24450
24466
24496
24528
24589
24622
24679
24723
24736
24740
24774
24791
24809
24814
24830
24877
24878
24885
24905
24906
24932
25046
25081
25218
25226
25248
25263
25283
25300
25345
25354
25387
25448
25461
25486
25549
25565
25682
25718
25731
25738
25756
25808
25821
25832
25841
25847
25857
25876
25888
25895
25897
25909
25912
25919
25965
26008
26037
26042
26084
26084
26103
26153
26172
26339
26411
26416
26495
26560
26577
26599
26641
26694
26699
26720
26743
26757
26772
26784
26816
26842
26882
26883
26897
26900
26966
26968
27037
27073
27088
27112
27130
27147
27175
27178
27220
27271
27279
27292
27343
27396
27399
27409
27479
27483
27525
27557
27559
27568
27601
27619
27638
27640
27641
27675
27701
27818
27837
27873
27928
27942
27942
28009
28023
28043
28065
28077
28140
28145
28161
28234
28256
28278
28288
28294
28296
28398
28399
28431
28433
28449
28457
28468
28474
28536
28550
28565
28581
28634
28679
28697
28700
28702
28728
28730
28752
28758
28771
28780
28782
28783
28818
28819
28819
28829
28830
28839
28869
28887
28996
29038
29071
29095
29112
29138
29150
29151
29180
29234
29258
29308
29315
29336
29352
29365
29416
29421
29451
29451
29462
29469
29483
29508
29508
29534
29539
29551
29554
29581
29594
29659
29666
29666
29690
29725
29730
29736
29764
29788
29793
29797
29802
29828
29829
29936
29958
29965
29982
30024
30066
30119
30121
30153
30187
30203
30210
30371
30408
30455
30469
30532
30558
30560
30588
30618
30654
30667
30750
30805
30810
30827
30872
30876
30918
30998
31008
31053
31086
31130
31146
31165
31202
31203
31205
31207
31212
31214
31215
31241
31249
31268
31285
31295
31328
31329
31369
31411
31485
31569
31611
31642
31653
31693
31705
31738
31752
31759
31761
31772
31863
31867
31881
31920
31930
31941
31952
31957
31962
31982
31985
31986
32005
32010
32024
32039
32047
32052
32090
32105
32177
32192
32229
32238
32256
32299
32352
32368
32379
32384
32414
32418
32476
32479
32479
32501
32501
32527
32629
32636
32673
32692
32701
32773
32798
32799
32803
32815
32816
32836
32841
32850
32860
32875
32885
32911
32914
32918
32927
32927
32981
32994
33009
33011
33059
33062
33068
33079
33086
33118
33126
33126
33151
33182
33276
33308
33334
33350
33357
33405
33410
33421
33463
33493
33499
33583
33616
33659
33680
33693
33724
33740
33756
33787
33813
33845
33846
33888
33912
33976
34007
34010
34042
34064
34066
34072
34104
34188
34218
34320
34339
34347
34349
34357
34366
34374
34492
34548
34556
34569
34579
34608
34642
34731
34734
34761
34769
34803
34816
34859
34915
34982
34993
34996
35028
35041
35053
35105
35130
35197
35208
35214
35221
35263
35277
35285
35296
35349
35361
35414
35418
35424
35464
35467
35502
35511
35531
35533
35604
35633
35644
35645
35702
35801
35811
35856
35866
35897
35927
35999
36027
36030
36072
36075
36091
36103
36165
36208
36231
36249
36278
36282
36288
36323
36328
36337
36340
36352
36365
36387
36468
36482
36514
36528
36534
36579
36603
36663
36711
36794
36796
36811
36827
36854
36873
36890
36940
37007
37027
37028
37029
37049
37066
37134
37135
37141
37146
37177
37209
37218
37234
37298
37334
37355
37368
37422
37449
37453
37457
37467
37488
37515
37567
37671
37697
37703
37737
37742
37757
37782
37803
37834
37882
37922
37931
37978
38010
38071
38072
38077
38113
38149
38194
38200
38248
38250
38302
38357
38413
38427
38450
38511
38515
38517
38524
38611
38614
38634
38673
38686
38706
38715
38719
38802
38814
38827
38881
38885
38888
38949
38970
39008
39011
39015
39029
39043
39063
39064
39073
39105
39107
39113
39150
39229
39259
39319
39322
39366
39442
39480
39507
39568
39575
39594
39672
39676
39706
39725
39752
39776
39797
39800
39851
39860
39863
39877
39881
39887
39912
39936
39957
39966
39987
40036
40053
40056
40099
40150
40163
40187
40226
40267
40268
40296
40301
40308
40313
40323
40394
40431
40483
40504
40510
40581
40618
40634
40634
40638
40650
40688
40691
40706
40719
40852
40874
40885
40935
40966
41016
41016
41070
41095
41149
41190
41210
41214
41224
41256
41276
41283
41283
41295
41335
41385
41386
41389
41426
41454
41475
41506
41519
41585
41625
41648
41683
41701
41703
41704
41734
41748
41773
41788
41807
41818
41824
41858
41869
41883
41898
41939
41955
42034
42044
42048
42060
42109
42112
42121
42187
42191
42193
42200
42238
42238
42270
42372
42389
42398
42402
42403
42447
42487
42495
42513
42523
42546
42553
42562
42562
42623
42659
42712
42721
42730
42744
42779
42814
42824
42825
42864
42882
42903
42925
42925
42931
42938
42940
42965
43037
43046
43061
43063
43105
43131
43169
43206
43213
43214
43220
43236
43292
43300
43357
43429
43467
43529
43556
43634
43673
43729
43742
43771
43859
43868
43882
43923
43925
43939
43975
43992
44046
44047
44054
44063
44071
44086
44088
44101
44103
44115
44128
44198
44302
44356
44362
44433
44459
44472
44473
44493
44496
44499
44524
44534
44547
44552
44575
44576
44600
44614
44668
44734
44815
44838
44914
44945
44966
44979
44989
45030
45139
45219
45283
45285
45406
45441
45488
45499
45511
45610
45620
45661
45672
45705
45726
45838
45841
45884
45915
45915
45918
45958
46061
46134
46153
46178
46179
46181
46184
46193
46199
46226
46234
46290
46294
46325
46353
46361
46380
46411
46437
46444
46453
46474
46477
46495
46504
46504
46561
46563
46650
46658
46659
46671
46674
46682
46738
46757
46770
46790
46872
46986
46996
46998
47004
47010
47027
47041
47050
47055
47125
47132
47149
47173
47192
47219
47306
47308
47355
47357
47387
47413
47481
47514
47524
47568
47604
47653
47707
47710
47737
47752
47759
47783
47793
47801
47827
47828
47836
47851
47892
47918
47920
47929
47951
47951
48022
48040
48074
48083
48121
48121
48122
48137
48194
48227
48230
48231
48271
48308
48314
48320
48333
48393
48414
48436
48462
48477
48514
48529
48529
48532
48556
48556
48562
48576
48577
48659
48765
48773
48864
48865
48911
48925
48954
48976
49003
49031
49044
49147
49149
49173
49217
49223
49226
49260
49279
49306
49323
49329
49336
49362
49443
49474
49489
49491
49498
49530
49550
49579
49590
49614
49629
49636
49639
49650
49745
49760
49771
49809
49880
49896
49910
49917
49921
49946
49946
49949
49956
49960
49966
50023
50041
50087
50089
50193
50231
50242
50264
50281
50350
50357
50358
50369
50380
50399
50406
50410
50450
50530
50533
50556
50556
50583
50597
50645
50651
50674
50682
50693
50708
50728
50766
50793
50811
50818
50824
50851
50866
50874
50875
50921
50942
51021
51028
51069
51083
51087
51100
51128
51131
51168
51192
51202
51210
51229
51233
51245
51325
51401
51407
51417
51466
51502
51511
51515
51524
51552
51558
51584
51589
51593
51651
51656
51683
51692
51718
51724
51802
51809
51830
51836
51869
51932
51936
51989
52010
52026
52058
52081
52118
52142
52162
52185
52237
52246
52264
52274
52275
52277
52280
52314
52314
52324
52345
52387
52483
52525
52544
52553
52585
52593
52625
52655
52682
52706
52707
52725
52727
52773
52806
52813
52827
52900
52904
52911
52939
52945
52962
52966
52994
53001
53067
53079
53096
53107
53139
53154
53156
53167
53173
53186
53192
53219
53266
53266
53288
53291
53325
53331
53332
53356
53429
53468
53505
53513
53548
53609
53649
53735
53779
53781
53786
53832
53839
53940
53956
53993
54098
54115
54148
54151
54164
54193
54194
54200
54231
54231
54235
54241
54270
54393
54395
54396
54413
54425
54503
54534
54547
54577
54582
54607
54609
54668
54689
54726
54734
54750
54811
54816
54818
54895
54917
54930
54936
54966
55032
55043
55078
55100
55129
55134
55136
55149
55207
55222
55295
55329
55342
55447
55479
55488
55545
55591
55686
55708
55731
55744
55770
55776
55806
55840
55884
55889
55913
55986
56040
56084
56087
56087
56098
56105
56114
56147
56155
56176
56185
56235
56259
56285
56312
56313
56334
56349
56409
56415
56424
56465
56467
56468
56480
56485
56551
56552
56554
56578
56585
56593
56614
56648
56686
56730
56778
56780
56872
56908
56935
56941
56944
56949
56955
56957
56967
57030
57041
57047
57088
57094
57101
57149
57167
57173
57181
57189
57232
57237
57263
57300
57333
57362
57367
57390
57390
57391
57401
57525
57532
57534
57566
57640
57641
57649
57664
57670
57672
57699
57715
57771
57774
57790
57824
57841
57869
57928
57940
57965
58015
58016
58042
58060
58107
58127
58156
58178
58314
58315
58415
58423
58425
58452
58453
58525
58552
58612
58648
58659
58702
58744
58758
58764
58782
58824
58834
59022
59039
59040
59051
59125
59167
59180
59188
59227
59235
59253
59258
59258
59278
59280
59297
59343
59480
59505
59521
59551
59615
59618
59632
59639
59718
59729
59737
59776
59783
59815
59816
59846
59874
59893
59931
59936
60010
60037
60068
60077
60083
60088
60148
60157
60168
60204
60226
60233
60245
60263
60317
60357
60365
60397
60402
60436
60438
60490
60502
60588
60597
60639
60641
60647
60656
60690
60696
60704
60723
60733
60755
60759
60765
60771
60789
60800
60841
60901
60903
60933
60974
61008
61019
61038
61053
61067
61067
61093
61126
61141
61163
61169
61176
61208
61240
61277
61279
61286
61298
61312
61321
61330
61332
61383
61389
61395
61397
61547
61555
61570
61615
61668
61690
61710
61723
61739
61773
61800
61817
61821
61874
61884
61963
61963
62001
62011
62014
62023
62023
62056
62093
62195
62231
62261
62279
62331
62344
62359
62393
62405
62450
62464
62515
62516
62562
62577
62601
62623
62665
62695
62704
62712
62714
62726
62777
62799
62825
62875
62928
62969
62977
62987
63017
63080
63093
63100
63113
63116
63124
63150
63194
63197
63213
63217
63222
63250
63253
63270
63307
63318
63395
63413
63419
63481
63622
63687
63721
63741
63751
63822
63826
63859
63866
63886
63927
63943
63967
64112
64171
64190
64338
64348
64376
64454
64503
64511
64517
64545
64556
64559
64571
64611
64612
64647
64697
64698
64701
64720
64728
64760
64802
64856
64859
64887
64898
64900
64906
64923
64948
65014
65025
65071
65149
65184
65221
65320
65350
65352
65364
65435
65442
65492
65494
65496
65526
65544
65558
65614
65644
65646
65681
65723
65737
65740
65796
65821
65849
65857
65861
65884
65884
65908
65912
65928
65932
65979
65997
66003
66008
66025
66041
66042
66092
66096
66102
66197
66212
66255
66262
66268
66281
66297
66383
66423
66489
66493
66528
66577
66585
66588
66623
66637
66645
66651
66674
66674
66685
66711
66763
66801
66871
66883
66983
67002
67021
67034
67148
67191
67270
67320
67372
67385
67408
67484
67485
67488
67526
67528
67536
67542
67543
67548
67562
67606
67633
67665
67681
67699
67708
67726
67750
67769
67802
67810
67814
67854
67868
67880
68004
68050
68060
68061
68094
68105
68114
68184
68205
68226
68228
68243
68327
68340
68375
68375
68400
68403
68409
68417
68428
68434
68442
68448
68492
68508
68553
68565
68576
68579
68604
68622
68668
68691
68692
68720
68744
68746
68773
68804
68808
68823
68829
68837
68841
68843
68864
68892
68965
69010
69015
69038
69056
69057
69070
69080
69082
69085
69118
69148
69150
69154
69192
69210
69221
69247
69258
69283
69287
69290
69329
69340
69346
69372
69393
69439
69488
69522
69542
69643
69696
69714
69714
69718
69722
69727
69794
69842
69853
69857
69864
69876
69911
69978
70014
70049
70051
70063
70081
70102
70104
70105
70119
70126
70132
70206
70207
70245
70256
70272
70331
70332
70343
70350
70402
70416
70420
70465
70505
70561
70581
70641
70641
70646
70648
70681
70719
70729
70748
70758
70796
70824
70879
70910
70912
70942
70951
70973
71013
71016
71032
71059
71095
71104
71125
71132
71165
71170
71173
71248
71288
71312
71323
71341
71357
71387
71409
71427
71431
71441
71445
71528
71618
71660
71669
71671
71677
71681
71702
71731
71744
71774
71800
71806
71890
71903
71904
71956
71968
72012
72032
72051
72067
72087
72123
72133
72139
72149
72174
72174
72213
72243
72263
72269
72321
72346
72417
72480
72585
72619
72674
72701
72736
72753
72761
72789
72792
72855
72856
72919
72956
72959
72968
73005
73069
73096
73125
73130
73227
73233
73251
73314
73389
73480
73482
73494
73502
73537
73552
73568
73570
73592
73626
73656
73663
73670
73679
73694
73704
73738
73756
73757
73774
73779
73822
73825
73856
73881
73947
73972
74045
74065
74065
74170
74170
74192
74203
74214
74260
74304
74356
74356
74408
74419
74450
74452
74505
74508
74518
74530
74536
74601
74602
74610
74631
74641
74660
74665
74676
74677
74680
74715
74724
74737
74751
74752
74812
74889
74924
74958
74986
75056
75077
75108
75141
75180
75238
75253
75262
75274
75303
75326
75337
75341
75345
75345
75369
75386
75420
75486
75510
75562
75567
75595
75615
75643
75667
75676
75753
75760
75813
75814
75869
75908
75931
75985
76000
76021
76027
76041
76069
76080
76085
76145
76165
76170
76229
76235
76315
76322
76326
76332
76335
76377
76404
76417
76420
76436
76443
76450
76494
76509
76568
76572
76604
76619
76630
76634
76714
76725
76761
76769
76795
76802
76807
76836
76876
76904
76944
77033
77056
77068
77082
77085
77096
77124
77125
77128
77130
77136
77157
77158
77271
77307
77332
77335
77389
77400
77402
77422
77423
77445
77447
77476
77495
77509
77522
77533
77541
77553
77583
77606
77675
77684
77731
77741
77786
77790
77810
77817
77826
77869
77870
77901
77913
77917
77964
78002
78015
78018
78029
78066
78072
78119
78132
78195
78199
78206
78210
78251
78360
78379
78396
78432
78456
78497
78568
78580
78581
78586
78598
78621
78665
78709
78713
78716
78781
78795
78849
78855
78856
78859
78865
78883
78884
78900
78973
78975
78983
78992
79009
79014
79046
79078
79117
79140
79182
79206
79221
79281
79293
79298
79317
79336
79358
79377
79381
79429
79451
79461
79492
79498
79508
79557
79605
79623
79666
79696
79699
79716
79749
79871
79897
79916
79917
79933
80003
80057
80065
80153
80153
80268
80282
80321
80324
80370
80384
80441
80485
80519
80541
80552
80555
80561
80563
80581
80669
80696
80718
80726
80727
80808
80824
80907
80925
80965
81036
81046
81061
81131
81156
81164
81175
81178
81197
81283
81284
81349
81360
81375
81410
81431
81441
81454
81465
81494
81510
81524
81536
81548
81556
81558
81582
81614
81619
81637
81665
81672
81713
81887
81887
81918
81948
81961
81992
82013
82015
82125
82214
82215
82228
82229
82337
82347
82352
82377
82381
82383
82416
82422
82494
82517
82528
82571
82572
82591
82636
82717
82732
82736
82736
82769
82846
82854
82859
82899
82914
82957
82960
82988
83015
83022
83043
83078
83118
83135
83167
83187
83239
83242
83257
83260
83263
83268
83278
83286
83306
83327
83345
83349
83357
83375
83392
83406
83420
83449
83474
83482
83510
83526
83544
83544
83555
83658
83714
83726
83755
83806
83818
83831
83861
83914
83934
83934
83978
84002
84022
84054
84056
84057
84080
84095
84162
84198
84219
84222
84260
84317
84333
84387
84388
84393
84606
84615
84639
84662
84663
84732
84776
84798
84802
84819
84871
84884
84890
84908
84935
84936
84943
84989
84990
85026
85044
85045
85060
85076
85115
85144
85151
85201
85202
85237
85262
85267
85309
85329
85349
85364
85413
85430
85463
85513
85534
85541
85552
85554
85574
85577
85626
85637
85651
85692
85701
85722
85737
85794
85825
85827
85841
85870
85901
85915
85915
85931
85963
86042
86069
86086
86090
86151
86174
86196
86241
86282
86324
86336
86337
86340
86350
86365
86413
86449
86466
86530
86569
86602
86618
86632
86638
86659
86709
86733
86747
86795
86809
86872
86877
86900
86914
86929
86949
86964
86966
87002
87035
87052
87096
87176
87182
87219
87302
87340
87344
87356
87363
87393
87418
87435
87449
87523
87532
87565
87577
87577
87647
87680
87683
87684
87726
87752
87754
87757
87819
87830
87845
87871
87890
87899
87906
87928
88848
89348
89565
91458
91497
91939
92331
93450
93634
93876
95460
95653
96287
98274
98470
99305
99653
100129
101365
102280
103725
105295
105651
106494
108465
108534
110100
112134
113852
113997
114275
114598
114681
115578
116093
116685
116814
118881
119190
120098
120261
120848
121006
121266
121481
122453
123372
123649
124293
124926
125504
125837
126752
126773
127833
129531
129770
130042
130054
130088
132213
134692
135197
135349
135361
135878
135993
136179
136259
139146
139444
139966
141628
142533
142860
143229
143357
145061
145299
145408
146001
146283
148579
149353
150824
152093
152308
154176
154433
155170
156003
156508
157561
157819
157827
158463
160150
160262
161309
161873
162335
163083
163508
163587
164486
165057
165523
165590
166462
166939
167655
168515
168646
169192
169633
171323
171457
172619
173841
174886
175414
175533
175896
175917
176665
179874
179929
180372
180994
181393
182757
185070
189237
189421
189604
189988
190123
192652
193580
195211
195616
199095
201616
204514
206398
206410
207637
208470
211661
211903
212619
212916
215816
217032
220447
221375
221376
221456
221475
222398
226264
226838
230113
235809
241955
242476
244736
245713
250163
250876
250896
251520
251712
254468
258848
260254
261557
263203
263496
263535
264914
269017
270007
280191
281371
282757
284793
287633
291019
291482
293497
294263
294535
298474
299683
301826
308355
310654
311884
319247
320273
325847
346269
347894
354013
354906
356533
359828
361061
362065
362530
369469
369828
370543
373229
373326
374760
375095
376435
377350
377706
378714
378804
379794
382335
384393
386624
386720
390328
391969
392571
392606
395932
401055
404624
406107
406518
406579
413648
425256
430390
433631
433868
439015
446811
450250
453123
461369
463701
464053
466787
469415
469471
475932
476189
477552
478132
482775
491908
496434
496602
499699
501512
502661
503059
506704
509779
509927
510998
512016
512933
514496
517296
519020
523046
526361
533362
537169
542485
548055
550060
554758
559820
563679
575509
584317
593210
595638
598272
610913
614632
614832
646621
659140
670831
694271
741147
754608
757525
777517
795630
796343
801041
859879
883403
885233
887234
893369
894451
898334
902480
927001
970820
971413
971646
974634
974982
980140
984185
984950
988312
988992
991717
993072
997695
1000075
1000125
1002183
1002689
1003359
1003469
1004584
1010637
1012951
1014289
1018886
1021316
1024700
1025216
1031150
1033843
1034501
1039268
1041087
1044119
1045370
1047427
1048956
1050609
1051174
1052569
1053656
1149212
1179971
1202603
1222587
1276410
1310163
1312613
1312897
1325998
1343312
1364897
1371840
1381068
1382895
1397774
1403083
1428617
1446672
1462909
1493562
1520840
1537240
1546230
1553818
1592164
1635738
1636713
1654230
1673314
1674033
1689520
1704906
1706960
1710113
1733224
1733290
1734039
1750867
1752959
1759666
1783705
1789444
1802925
1841150
1848617
1896876
1917449
1927026
1939661
1951950
1955041
1958241
1966733
1985826
1986053
1996231
2039002
2060711
2096466
2111965
2126850
2159583
2188890
2189865
2465566
2485861
2490683
2512699
2552181
2562774
2570787
2573232
2576522
2577103
2600377
2600757
2614449
2614737
2621826
2625338
2648848
2652806
2687886
2726043
2737699
2767652
2770045
2777692
2785086
2785557
2798165
2815328
2817256
2837822
2841827
2846358
2847308
2861827
2872217
2889363
2913452
2917487
2920289
2922609
2923858
2942249
2949762
2961259
2963827
2975931
2983452
2984877
2994734
2999469
3009956
3029178
3041444
3050054
3058262
3058457
3189716
3205308
3230759
3238891
3258315
3271374
3299276
3319633
3348286
3383342
3394926
3406116
3447011
3455335
3501757
3505009
3615940
3632649
3680017
3695678
3876829
3877814
3899559
3904855
4060856
4075672
4076635
4096313
4104696
4110920
4116341
4129021
4840900
4908826
4909603
4916086
4949516
4973666
4999298
5001938
5280267
5284670
5296607
5345292
5563558
5565681
5605456
5608625
5815278
5826298
5850009
5882930
5911310
5920591
5955531
5971411
6033374
6035058
6057875
6063393
6524632
6525619
6544182
6589871
6869707
6904496
6929325
6935036
8197975
8202593
8217102
8268595
8285473
8286719
8309772
8345175
8713151
8732075
8767869
8798971