18
24
43
282
386
513
577
662
694
699
798
816
851
866
898
955
979
1233
1245
1276
1396
1500
1609
1828
1956
1963
1999
2059
2167
2203
2244
2245
2360
2671
2777
3082
3190
3288
3456
3533
3728
3754
3949
4125
4230
4261
4388
4451
4495
4522
4558
4693
4833
4902
4936
4953
5086
5092
5171
5459
5479
5493
5498
5625
5659
5877
6128
6173
6205
6237
6425
6507
6562
6900
6964
7133
7647
7681
7691
7748
7765
7772
7794
7911
7929
8032
8044
8188
8253
8736
8899
8980
9454
9530
9576
9579
9587
9684
9722
9769
9912
9921
9952
10089
10188
10348
10349
10416
10611
10669
10804
10945
10996
11160
11189
11400
11401
11464
11668
11713
11760
12129
12171
12284
12386
12491
12555
12579
12617
12631
12643
12811
12826
12848
12899
13015
13045
13074
13082
13091
13236
13354
13401
13595
13619
13620
13738
13863
13936
13999
14120
14349
14392
14413
14453
14528
14575
14584
14610
14701
14877
14882
14903
15125
15151
15324
15396
15416
15423
15485
15617
15884
15910
15991
16240
16245
16435
16438
16438
16544
16886
16910
17047
17178
17505
17596
17664
17791
17948
18125
18230
18274
18276
18316
18317
18436
18616
18638
18650
18678
18759
18791
18810
18995
19207
19292
19328
19488
19528
19974
20035
20104
20171
20308
20361
20381
20499
20556
20567
20584
20657
20834
20842
21138
21162
21182
21265
21278
21363
21617
21674
21697
21726
21820
21920
21920
22042
22195
22197
22220
22319
22676
22757
22802
23090
23096
23149
23357
23384
23527
23568
23712
23722
23767
23773
23835
23856
23994
23998
24188
24265
24353
24531
24685
24750
24808
24979
24980
25011
25226
25235
25288
25425
26408
26640
26654
27477
27499
27581
27590
27750
27814
28012
28161
28237
28256
28366
28398
28414
28538
28688
28890
28953
29201
29208
29211
29303
29372
29477
29685
29773
29959
30116
30161
30209
30236
30355
30512
30584
30584
30642
30764
30903
30957
30986
31340
31398
31428
31477
31483
31492
31530
31547
31551
31751
32072
32195
32284
32331
32360
32472
32683
32709
32792
32928
33041
33081
33347
33370
33392
33715
33766
33778
33794
34003
34033
34115
34459
34562
34629
34643
34659
34716
34959
35165
35234
35311
35375
35382
35473
35518
35563
35609
35780
35809
35924
35952
35954
36057
36067
36077
36101
36135
36161
36281
36335
36358
36631
36715
36725
36877
36904
36959
36980
37174
37333
37446
37698
37817
37850
37872
37901
37920
37952
37984
37993
38183
38440
38503
38781
38786
38806
38832
38860
39030
39106
39110
39120
39123
39170
39254
39290
39431
39492
39543
39613
39729
40383
40467
40474
40483
40676
40871
40947
40997
41181
41434
41468
41541
41597
41613
41740
41819
42091
42279
42441
42618
42619
42803
42961
43009
43130
43606
43694
43875
44027
44097
44231
44433
44471
44677
44910
44951
45069
45220
45248
45518
45673
45681
45729
45770
46086
46114
46252
46292
46378
46396
46659
46752
46854
46866
46906
46946
47069
47096
47102
47145
47211
47241
47248
47324
47539
47695
47757
47805
47890
47962
47992
48015
48025
48138
48179
48232
48458
48694
48754
49103
49113
49220
49224
49350
49389
49425
49537
49591
49667
49946
49951
49963
50178
50275
50394
50416
50553
50571
50602
50958
50984
50987
51001
51212
51273
51383
51645
51684
51749
52271
52475
52574
52678
52910
52999
53303
53364
53389
53421
53504
53604
53710
53877
53911
54055
54069
54158
54195
54246
54296
54365
54413
54461
54521
54588
54637
54777
54829
54851
54906
54939
55012
55416
55467
55656
55680
55804
55833
55837
56212
56541
56581
56714
56774
56849
56856
56881
56919
56973
57014
57144
57157
57260
57337
57387
57441
57450
57515
57589
57635
57640
57680
57705
57911
58014
58048
58274
58346
58398
58444
58578
58618
58918
58987
59038
59073
59101
59226
59455
59541
59794
59802
59817
59879
60052
60140
60174
60288
60717
60921
61195
61212
61299
61512
61609
61632
61691
61831
62037
62147
62196
62203
62205
62329
62354
62448
62460
62467
62555
62705
62734
62773
62878
62905
63096
63122
63171
63458
63528
63531
63642
63814
63870
64319
64620
64641
64680
64694
64709
64744
64810
64830
65055
65111
65262
65269
65281
65296
65385
65422
65631
65883
65960
66084
66177
66209
66365
66598
66819
66867
66872
66932
66932
67312
67598
67736
67744
67764
67802
67892
67982
68032
68153
68232
68368
68454
68505
68509
68592
68607
68757
68762
68957
68985
69160
69188
69287
69415
69446
69780
69816
69852
69940
69967
70171
70204
70513
70598
70652
70766
70794
70841
71201
71235
71271
71282
71375
71387
71678
71735
71756
72123
72400
72497
72603
72741
72908
72909
72910
73083
73103
73644
73712
73813
73908
74186
74281
74337
74370
74455
74488
74577
74579
74787
75380
75392
75563
75585
75594
75655
75742
75881
76000
76142
76220
76257
76415
76451
76473
76851
76872
76992
77475
77577
77636
77653
77725
77744
77816
77858
78032
78177
78233
78256
78421
78544
78819
78988
79053
79305
79411
79514
79625
79733
79829
79881
80016
80143
80406
80526
80531
80587
80897
80913
81048
81088
81200
81428
81510
81827
81855
82464
82654
82683
82749
82825
83161
83211
83241
83344
83362
83526
83577
83714
83867
83925
83943
84015
84237
84277
84437
84844
84928
85148
85168
85283
85313
85509
85582
85851
85886
85915
85943
86052
86189
86229
86299
86403
86652
86755
86816
86870
86909
86933
86956
87065
87340
87374
87439
87529
87691
87813
87858
87859
87897
88605
89217
90796
92321
94203
96041
100025
111706
113888
114449
115244
117538
122061
123206
124685
126605
137818
144125
147384
149260
150471
151172
151779
153814
157364
157666
157848
159185
159789
164151
170248
186001
186856
206718
223800
232260
233847
238347
240178
240685
240981
241681
245141
248846
263873
264971
271522
275111
281444
287799
332942
352276
374142
382799
394790
408235
411766
415050
435268
435655
439396
441858
448541
456651
457281
458371
477079
492372
524634
529006
535810
562859
573474
689686
777376
833230
921752
938843
1001494
1005870
1015551
1020191
1022298
1031392
1040515
1049523
1050871
1054744
1159501
1273745
1339646
1360064
1427940
1507856
1660328
1694291
1724182
1742711
1809425
1850969
2002208
2019116
2072319
2152312
2495953
2587245
2609548
2622456
2659971
2766247
2796048
2826134
2854075
2945812
2981401
2988997
2997652
3019234
3191904
3259783
3400351
3468985
3678331
3883985
4056574
4085171
4923186
5009768
5320993
5580708
5828222
5927103
6063253
6521913
6898802
8193966
8294374
8786826