4
34
50
56
96
116
164
196
199
202
211
219
246
258
281
303
311
314
334
348
354
355
373
379
380
384
390
397
419
432
432
437
449
460
466
479
496
539
544
548
555
569
578
585
591
597
599
600
601
604
616
620
628
656
657
657
665
668
697
716
716
731
758
762
764
779
783
794
801
829
873
878
883
894
907
913
913
923
928
929
930
930
944
951
963
972
1002
1023
1023
1039
1046
1054
1077
1086
1086
1126
1126
1126
1133
1141
1149
1168
1178
1181
1227
1244
1252
1254
1274
1279
1294
1310
1312
1316
1322
1326
1337
1338
1344
1345
1354
1359
1362
1367
1381
1387
1400
1430
1444
1461
1472
1484
1516
1517
1524
1548
1554
1568
1569
1587
1598
1604
1613
1626
1627
1648
1649
1657
1665
1666
1669
1672
1678
1682
1691
1692
1693
1712
1720
1720
1721
1729
1729
1731
1753
1757
1761
1763
1765
1767
1781
1805
1805
1819
1827
1840
1840
1842
1866
1874
1875
1881
1891
1895
1909
1930
1936
1938
1953
1956
1964
1965
1969
1983
1983
1988
1993
1997
2010
2033
2035
2040
2070
2072
2093
2099
2112
2113
2115
2117
2135
2166
2185
2188
2190
2202
2204
2204
2223
2228
2247
2249
2303
2327
2331
2355
2355
2365
2381
2400
2410
2434
2434
2436
2440
2452
2462
2467
2469
2483
2497
2499
2518
2519
2560
2568
2572
2587
2589
2591
2611
2620
2637
2649
2650
2682
2693
2696
2717
2721
2727
2745
2750
2768
2800
2826
2835
2836
2855
2864
2865
2867
2886
2891
2893
2894
2903
2905
2906
2926
2932
2934
2936
2953
2971
2975
2982
2982
2985
2992
3000
3012
3014
3032
3036
3050
3053
3063
3085
3088
3105
3113
3141
3144
3149
3159
3174
3191
3202
3203
3206
3219
3228
3231
3233
3258
3277
3283
3285
3291
3293
3310
3317
3348
3372
3387
3392
3403
3404
3445
3457
3460
3473
3485
3488
3490
3497
3549
3556
3560
3568
3572
3575
3576
3589
3593
3593
3608
3615
3625
3629
3635
3651
3651
3661
3662
3665
3665
3685
3685
3686
3691
3708
3729
3752
3752
3753
3759
3763
3776
3784
3797
3818
3828
3829
3832
3845
3854
3863
3865
3896
3939
3940
3948
3948
3962
3967
3980
3984
3985
3996
4001
4004
4018
4035
4037
4044
4048
4053
4059
4065
4079
4084
4112
4114
4116
4117
4129
4133
4133
4141
4145
4152
4153
4158
4159
4163
4181
4200
4202
4203
4204
4217
4241
4256
4266
4296
4309
4321
4327
4328
4328
4331
4332
4337
4340
4340
4346
4346
4362
4370
4377
4381
4397
4420
4433
4435
4441
4446
4452
4464
4475
4476
4487
4492
4527
4531
4535
4536
4539
4556
4565
4573
4578
4584
4610
4650
4658
4705
4719
4737
4743
4747
4760
4764
4769
4771
4772
4786
4802
4815
4824
4839
4864
4872
4882
4901
4922
4926
4936
4937
4942
4942
4948
4952
4967
4968
4975
4983
4984
4987
4988
5003
5022
5036
5039
5042
5044
5077
5096
5115
5121
5146
5155
5157
5164
5172
5175
5188
5192
5195
5209
5214
5230
5236
5239
5244
5254
5262
5271
5283
5284
5288
5295
5300
5302
5303
5312
5318
5326
5344
5349
5362
5382
5383
5385
5385
5388
5390
5395
5406
5411
5418
5430
5439
5443
5452
5467
5494
5496
5506
5511
5527
5527
5535
5536
5547
5551
5552
5591
5623
5626
5649
5698
5700
5706
5736
5746
5756
5758
5760
5763
5779
5780
5784
5805
5809
5812
5821
5825
5826
5853
5861
5870
5900
5903
5913
5943
5951
5955
5964
5984
6006
6010
6013
6039
6058
6082
6093
6100
6119
6122
6129
6136
6136
6141
6150
6162
6164
6189
6209
6224
6228
6233
6242
6247
6264
6267
6278
6301
6302
6311
6318
6329
6340
6348
6352
6354
6369
6379
6380
6390
6394
6402
6406
6410
6414
6427
6435
6439
6440
6447
6451
6458
6478
6479
6484
6495
6503
6503
6505
6528
6543
6545
6545
6550
6566
6572
6574
6580
6597
6603
6618
6625
6633
6642
6658
6661
6665
6676
6680
6681
6705
6710
6718
6742
6750
6751
6751
6758
6759
6765
6786
6815
6828
6835
6840
6859
6864
6865
6874
6876
6881
6906
6908
6912
6918
6937
6939
6941
6947
6947
6948
6962
6977
6989
6993
7046
7053
7083
7085
7088
7094
7099
7105
7148
7151
7153
7156
7157
7164
7167
7168
7172
7176
7198
7199
7203
7214
7215
7219
7226
7249
7252
7267
7272
7289
7310
7312
7360
7363
7378
7403
7409
7422
7452
7454
7471
7473
7489
7493
7505
7506
7509
7521
7549
7578
7585
7593
7645
7646
7652
7672
7686
7689
7689
7709
7712
7726
7731
7734
7762
7767
7771
7773
7790
7798
7801
7812
7829
7838
7840
7870
7881
7888
7889
7898
7915
7974
7975
7978
7987
7989
8000
8002
8005
8013
8013
8022
8024
8030
8044
8048
8080
8086
8097
8099
8130
8131
8148
8151
8160
8160
8170
8176
8190
8193
8194
8198
8200
8204
8220
8225
8258
8260
8261
8268
8277
8292
8300
8310
8312
8343
8351
8368
8369
8380
8391
8394
8406
8408
8418
8424
8426
8433
8437
8442
8444
8445
8446
8452
8460
8460
8474
8484
8486
8488
8503
8509
8519
8527
8558
8558
8566
8569
8574
8598
8606
8612
8614
8629
8635
8666
8670
8679
8687
8688
8693
8712
8716
8716
8752
8753
8759
8773
8774
8778
8796
8799
8803
8815
8821
8831
8842
8866
8869
8877
8893
8904
8927
8950
8958
8982
8985
8997
9006
9012
9018
9045
9072
9077
9086
9088
9117
9120
9121
9162
9163
9171
9212
9217
9242
9267
9275
9276
9289
9301
9323
9331
9333
9345
9349
9355
9365
9367
9380
9382
9387
9421
9427
9433
9439
9441
9460
9506
9517
9528
9540
9546
9553
9557
9557
9567
9573
9597
9623
9657
9666
9691
9694
9704
9715
9743
9748
9755
9758
9758
9759
9769
9777
9793
9796
9800
9809
9809
9821
9831
9886
9887
9889
9897
9901
9908
9921
9922
9927
9938
9946
9958
9963
9972
9977
9992
9995
10022
10049
10052
10057
10062
10082
10109
10113
10118
10134
10145
10150
10150
10181
10201
10206
10221
10232
10247
10252
10258
10259
10285
10302
10314
10330
10339
10355
10359
10360
10375
10379
10389
10407
10419
10460
10478
10480
10487
10497
10504
10515
10518
10520
10526
10532
10543
10569
10572
10576
10585
10585
10593
10597
10597
10604
10606
10610
10625
10627
10636
10647
10659
10668
10698
10707
10711
10715
10720
10721
10734
10738
10750
10755
10761
10766
10774
10788
10793
10802
10809
10812
10817
10827
10835
10843
10849
10876
10878
10878
10886
10892
10909
10914
10929
10934
10968
10985
11001
11009
11038
11053
11061
11065
11069
11073
11074
11074
11082
11085
11088
11105
11125
11131
11136
11153
11189
11193
11202
11209
11248
11259
11263
11266
11272
11283
11288
11303
11304
11311
11312
11317
11330
11345
11351
11382
11390
11402
11420
11423
11428
11436
11469
11499
11514
11515
11536
11564
11572
11583
11599
11607
11618
11620
11624
11631
11637
11647
11664
11673
11675
11676
11732
11734
11741
11777
11783
11805
11808
11810
11816
11816
11833
11837
11848
11849
11865
11869
11872
11873
11877
11896
11900
11900
11900
11901
11904
11912
11918
11919
11920
11930
11939
11948
11955
11964
11965
11967
11981
11993
11996
12024
12024
12032
12036
12037
12040
12075
12077
12092
12112
12112
12137
12152
12171
12182
12202
12204
12218
12221
12225
12242
12257
12272
12280
12308
12317
12328
12330
12344
12356
12365
12367
12368
12368
12376
12397
12400
12425
12447
12510
12512
12536
12539
12544
12565
12568
12599
12603
12604
12616
12622
12630
12639
12645
12653
12661
12676
12740
12772
12776
12776
12778
12795
12817
12854
12857
12861
12869
12871
12883
12883
12888
12896
12897
12933
12933
12938
12939
12993
12996
13003
13020
13037
13038
13046
13054
13118
13120
13135
13137
13155
13158
13202
13208
13216
13243
13250
13274
13286
13308
13324
13338
13347
13371
13390
13408
13420
13421
13446
13466
13469
13473
13474
13478
13478
13481
13488
13503
13524
13526
13531
13562
13562
13562
13566
13567
13571
13583
13592
13609
13649
13661
13693
13706
13718
13723
13740
13744
13759
13781
13782
13784
13798
13806
13828
13829
13831
13839
13856
13871
13874
13883
13886
13894
13904
13908
13931
13937
13944
13956
13970
13991
14001
14010
14013
14036
14045
14046
14054
14058
14063
14082
14084
14093
14103
14109
14109
14115
14117
14122
14126
14158
14194
14217
14232
14232
14238
14267
14292
14294
14297
14324
14334
14337
14341
14354
14371
14376
14378
14381
14392
14392
14398
14400
14411
14482
14485
14493
14494
14508
14517
14519
14534
14538
14543
14559
14569
14572
14573
14574
14574
14583
14584
14585
14586
14597
14610
14614
14617
14618
14636
14642
14656
14678
14686
14696
14720
14725
14725
14728
14750
14753
14758
14767
14786
14787
14787
14789
14790
14802
14818
14824
14825
14837
14842
14846
14850
14893
14898
14905
14916
14935
14940
14940
14976
14979
14982
14984
14989
14994
14999
15013
15018
15037
15052
15065
15067
15070
15087
15094
15109
15110
15131
15171
15185
15187
15209
15214
15223
15258
15264
15271
15279
15282
15284
15294
15297
15301
15307
15315
15318
15350
15373
15390
15394
15410
15415
15424
15440
15441
15448
15452
15466
15472
15479
15505
15514
15535
15545
15566
15569
15580
15589
15604
15616
15622
15627
15631
15632
15635
15639
15647
15658
15660
15686
15687
15697
15700
15703
15716
15728
15732
15734
15746
15774
15782
15788
15807
15811
15812
15818
15819
15833
15838
15845
15845
15867
15873
15876
15877
15887
15888
15895
15895
15900
15901
15903
15903
15909
15915
15918
15919
15935
15941
15947
15950
15962
15969
15972
15991
15996
16005
16010
16015
16015
16015
16019
16019
16028
16040
16044
16058
16084
16087
16100
16111
16116
16120
16129
16135
16137
16141
16145
16153
16153
16158
16165
16171
16181
16186
16197
16223
16225
16229
16249
16250
16257
16260
16275
16278
16304
16316
16319
16322
16340
16349
16354
16355
16358
16380
16380
16399
16403
16404
16435
16450
16461
16468
16473
16485
16486
16529
16545
16554
16574
16593
16602
16606
16612
16621
16622
16650
16666
16676
16681
16683
16709
16710
16716
16717
16720
16726
16730
16732
16756
16767
16778
16781
16795
16806
16847
16860
16884
16884
16894
16917
16925
16933
16958
16963
16976
16983
16987
16988
16992
16997
17008
17020
17024
17033
17035
17053
17083
17083
17095
17099
17100
17104
17105
17122
17122
17136
17170
17171
17178
17209
17218
17220
17240
17245
17256
17263
17264
17269
17284
17296
17298
17310
17324
17338
17341
17349
17386
17390
17415
17418
17420
17432
17447
17450
17456
17471
17485
17486
17504
17510
17511
17513
17515
17517
17518
17524
17532
17539
17542
17567
17581
17588
17598
17605
17614
17624
17635
17638
17650
17662
17666
17674
17684
17697
17698
17703
17719
17738
17771
17783
17791
17802
17812
17818
17870
17870
17871
17873
17874
17875
17910
17913
17916
17925
17925
17934
17943
17950
17964
17968
17968
17970
17981
17982
17984
18004
18007
18007
18015
18038
18048
18059
18066
18073
18080
18082
18098
18139
18153
18155
18166
18171
18182
18185
18188
18191
18212
18212
18220
18237
18247
18260
18262
18263
18288
18300
18324
18324
18330
18330
18333
18335
18354
18363
18367
18378
18401
18404
18413
18432
18441
18454
18465
18469
18474
18474
18480
18485
18486
18500
18514
18531
18535
18558
18561
18562
18562
18574
18597
18602
18624
18663
18665
18667
18674
18688
18694
18722
18731
18736
18740
18760
18768
18773
18775
18777
18780
18786
18810
18812
18820
18824
18825
18830
18831
18836
18848
18853
18870
18894
18902
18907
18926
18931
18937
18937
18945
18951
18954
18972
18983
18990
19000
19001
19001
19009
19015
19021
19048
19049
19055
19057
19058
19066
19120
19135
19153
19154
19197
19198
19204
19214
19224
19225
19225
19226
19227
19238
19240
19248
19255
19264
19265
19276
19276
19293
19295
19296
19306
19326
19330
19353
19354
19365
19373
19378
19392
19395
19404
19409
19411
19414
19414
19416
19419
19422
19427
19432
19437
19458
19462
19473
19475
19487
19496
19498
19501
19503
19508
19513
19539
19544
19548
19580
19586
19592
19592
19594
19636
19642
19644
19655
19680
19686
19686
19690
19698
19701
19721
19728
19730
19731
19734
19738
19755
19756
19776
19785
19791
19794
19796
19799
19803
19807
19817
19827
19834
19868
19891
19899
19906
19916
19918
19920
19928
19953
19968
19976
19980
19984
20047
20059
20063
20066
20074
20082
20101
20125
20129
20131
20131
20142
20150
20160
20174
20191
20192
20193
20194
20197
20199
20228
20235
20238
20250
20255
20266
20271
20277
20284
20291
20292
20300
20305
20332
20334
20347
20364
20383
20388
20390
20404
20406
20414
20420
20436
20438
20450
20457
20457
20469
20470
20482
20515
20518
20525
20529
20534
20540
20541
20586
20612
20618
20620
20623
20623
20624
20634
20647
20649
20655
20669
20674
20674
20684
20691
20702
20730
20731
20737
20769
20776
20778
20783
20794
20805
20810
20812
20817
20823
20831
20832
20841
20850
20859
20871
20884
20887
20898
20898
20900
20904
20910
20925
20935
20955
20964
20966
20979
20998
21031
21037
21050
21060
21063
21075
21087
21120
21130
21136
21142
21148
21175
21204
21214
21219
21231
21242
21242
21253
21263
21283
21293
21293
21299
21307
21309
21319
21319
21340
21342
21344
21355
21367
21372
21386
21410
21413
21426
21426
21434
21482
21490
21492
21509
21513
21528
21529
21590
21591
21603
21604
21617
21631
21632
21636
21644
21665
21672
21674
21688
21694
21711
21715
21720
21723
21725
21730
21741
21745
21758
21761
21774
21774
21777
21796
21802
21820
21824
21851
21856
21861
21876
21876
21877
21884
21886
21889
21899
21908
21912
21913
21916
21955
21962
21965
21966
21971
21989
21989
21992
22023
22035
22037
22040
22046
22048
22056
22060
22079
22088
22102
22127
22150
22153
22161
22188
22201
22219
22244
22261
22265
22280
22282
22304
22309
22317
22345
22357
22374
22377
22381
22388
22392
22407
22410
22410
22413
22435
22451
22463
22469
22473
22477
22480
22488
22495
22498
22503
22507
22518
22519
22521
22521
22529
22539
22555
22557
22566
22584
22628
22657
22681
22715
22727
22735
22744
22745
22761
22766
22766
22770
22772
22795
22796
22797
22800
22806
22807
22808
22812
22818
22828
22833
22839
22859
22873
22884
22886
22895
22896
22902
22911
22920
22923
22928
22930
22937
22953
22959
22964
22971
22984
22999
23003
23006
23007
23037
23066
23086
23089
23099
23103
23125
23144
23148
23167
23187
23191
23203
23240
23241
23252
23258
23260
23271
23288
23291
23312
23314
23332
23372
23380
23389
23390
23399
23406
23414
23417
23418
23429
23430
23450
23474
23475
23478
23512
23543
23551
23569
23581
23586
23588
23588
23588
23590
23599
23603
23621
23625
23631
23641
23655
23667
23668
23695
23697
23703
23728
23729
23739
23744
23756
23765
23766
23778
23783
23804
23806
23814
23833
23844
23845
23866
23872
23892
23894
23920
23925
23941
23945
23946
23948
23976
23978
23984
24000
24007
24027
24036
24039
24041
24045
24049
24051
24054
24058
24063
24067
24085
24089
24092
24101
24105
24110
24113
24124
24124
24128
24131
24135
24136
24141
24146
24175
24175
24191
24200
24205
24233
24239
24242
24244
24259
24264
24267
24283
24284
24287
24293
24303
24322
24335
24367
24376
24389
24394
24403
24408
24428
24492
24496
24513
24521
24530
24536
24544
24568
24578
24588
24607
24628
24642
24643
24647
24651
24657
24658
24677
24703
24712
24723
24735
24762
24763
24773
24774
24778
24785
24787
24795
24796
24808
24810
24817
24819
24822
24822
24836
24851
24862
24877
24886
24893
24907
24930
24937
24940
24946
24948
24972
24998
25001
25004
25019
25023
25023
25025
25030
25053
25055
25063
25065
25075
25102
25112
25137
25137
25143
25144
25164
25172
25190
25210
25240
25241
25241
25249
25251
25259
25297
25309
25315
25342
25348
25354
25357
25390
25414
25425
25429
25448
25462
25468
25475
25477
25479
25484
25495
25495
25498
25517
25525
25528
25540
25555
25555
25581
25584
25609
25614
25614
25619
25621
25641
25661
25673
25681
25686
25690
25692
25701
25722
25722
25725
25728
25752
25761
25766
25769
25774
25778
25803
25815
25819
25830
25861
25901
25909
25925
25934
25973
25982
25999
26004
26010
26015
26029
26030
26033
26036
26042
26045
26085
26101
26110
26117
26128
26132
26136
26180
26187
26190
26202
26226
26236
26237
26245
26266
26271
26274
26277
26289
26294
26295
26300
26301
26302
26304
26305
26307
26318
26324
26327
26328
26330
26333
26339
26368
26400
26403
26419
26420
26437
26448
26450
26451
26498
26499
26506
26524
26525
26527
26530
26532
26534
26538
26544
26557
26564
26564
26586
26587
26589
26612
26625
26625
26629
26630
26638
26640
26657
26677
26678
26685
26691
26708
26725
26733
26743
26754
26768
26779
26787
26800
26804
26804
26824
26824
26828
26832
26839
26847
26880
26894
26906
26913
26916
26916
26946
26956
26959
26969
26978
26988
26995
27010
27019
27021
27032
27035
27047
27082
27085
27108
27116
27123
27124
27132
27137
27144
27157
27159
27167
27170
27171
27174
27174
27185
27186
27187
27194
27206
27216
27256
27267
27279
27286
27286
27288
27289
27297
27312
27318
27321
27328
27331
27337
27338
27351
27363
27372
27373
27390
27392
27403
27420
27422
27424
27433
27466
27474
27483
27504
27522
27529
27535
27535
27546
27554
27560
27567
27581
27591
27598
27598
27616
27618
27626
27633
27649
27687
27699
27709
27713
27715
27715
27729
27744
27752
27774
27778
27786
27787
27789
27800
27803
27821
27824
27838
27842
27852
27857
27864
27871
27881
27883
27889
27937
27941
27943
27944
27959
27968
27982
28008
28031
28056
28058
28079
28097
28112
28119
28123
28130
28137
28138
28140
28144
28156
28161
28173
28188
28202
28204
28214
28228
28235
28236
28237
28251
28273
28277
28283
28287
28289
28312
28341
28352
28355
28358
28363
28372
28381
28404
28409
28423
28423
28443
28444
28447
28456
28471
28483
28487
28537
28545
28559
28603
28612
28620
28626
28650
28659
28670
28674
28679
28680
28681
28683
28685
28701
28707
28709
28719
28725
28732
28765
28776
28781
28792
28797
28824
28882
28883
28883
28900
28901
28941
28945
28946
28946
28952
28954
28960
28969
28981
28982
29005
29005
29018
29031
29038
29043
29045
29052
29055
29060
29062
29078
29079
29099
29101
29107
29107
29117
29120
29138
29144
29146
29153
29162
29166
29207
29209
29213
29215
29226
29234
29245
29287
29298
29302
29306
29317
29333
29348
29356
29358
29363
29385
29413
29446
29461
29472
29479
29483
29493
29496
29497
29502
29504
29515
29530
29536
29550
29566
29567
29569
29570
29577
29578
29581
29589
29608
29611
29632
29636
29643
29650
29664
29679
29696
29724
29735
29742
29743
29759
29759
29759
29762
29783
29786
29787
29787
29793
29796
29809
29839
29873
29876
29881
29883
29893
29899
29914
29916
29919
29924
29932
29945
29946
29974
29983
29986
30012
30034
30052
30054
30062
30064
30081
30092
30106
30122
30143
30147
30151
30156
30166
30177
30187
30197
30200
30206
30211
30218
30232
30234
30249
30249
30253
30270
30293
30337
30342
30350
30353
30356
30389
30398
30410
30424
30431
30443
30446
30451
30454
30464
30464
30496
30500
30501
30524
30535
30543
30574
30585
30592
30594
30600
30611
30614
30639
30645
30662
30663
30664
30683
30686
30691
30696
30698
30701
30705
30735
30744
30748
30759
30789
30790
30798
30801
30804
30810
30825
30851
30856
30872
30875
30909
30913
30919
30926
30936
30943
30952
30978
30991
30998
31004
31033
31052
31059
31068
31074
31098
31104
31111
31112
31121
31132
31147
31148
31160
31165
31181
31189
31195
31199
31202
31216
31222
31251
31274
31295
31306
31312
31319
31324
31325
31343
31347
31359
31369
31377
31385
31391
31404
31426
31435
31438
31447
31447
31461
31477
31485
31486
31509
31514
31522
31583
31584
31589
31596
31600
31610
31611
31624
31628
31664
31675
31680
31683
31707
31711
31712
31722
31744
31754
31758
31773
31790
31799
31829
31858
31871
31873
31883
31889
31890
31890
31895
31910
31916
31917
31921
31930
31961
31970
31985
31986
31987
31990
31997
32017
32024
32026
32030
32076
32084
32092
32100
32110
32119
32131
32138
32141
32146
32166
32198
32199
32204
32215
32219
32234
32237
32251
32260
32261
32278
32281
32291
32299
32307
32311
32318
32327
32329
32340
32348
32371
32397
32414
32419
32454
32470
32483
32485
32517
32518
32531
32534
32536
32547
32565
32570
32579
32587
32604
32616
32637
32644
32650
32664
32665
32676
32681
32706
32746
32757
32765
32771
32782
32787
32789
32796
32797
32808
32809
32811
32836
32838
32857
32857
32875
32888
32921
32921
32926
32928
32952
32956
32966
32974
32989
33000
33012
33016
33024
33027
33030
33038
33040
33042
33043
33044
33087
33090
33091
33110
33113
33132
33134
33151
33163
33163
33175
33187
33193
33198
33198
33211
33212
33216
33225
33237
33239
33244
33256
33262
33267
33267
33270
33274
33285
33285
33292
33339
33346
33349
33368
33386
33406
33433
33434
33456
33466
33499
33499
33502
33535
33556
33564
33578
33594
33602
33613
33616
33640
33646
33649
33670
33673
33681
33708
33711
33712
33727
33762
33770
33787
33792
33798
33819
33851
33867
33930
33956
33959
33982
33987
33999
34016
34026
34029
34032
34034
34049
34069
34101
34111
34115
34118
34125
34144
34145
34147
34156
34168
34181
34183
34194
34198
34205
34206
34212
34224
34225
34241
34249
34261
34305
34332
34361
34364
34374
34383
34393
34463
34480
34509
34511
34548
34564
34574
34579
34583
34584
34585
34587
34597
34606
34610
34623
34645
34647
34648
34672
34707
34707
34716
34722
34725
34736
34736
34751
34761
34777
34807
34819
34819
34829
34830
34888
34913
34914
34916
34921
34986
34994
34995
35001
35020
35038
35056
35069
35081
35094
35095
35098
35099
35101
35130
35131
35134
35135
35141
35146
35159
35189
35190
35201
35215
35223
35225
35225
35227
35232
35240
35257
35258
35260
35269
35285
35296
35312
35329
35330
35332
35343
35346
35357
35364
35373
35380
35384
35395
35402
35405
35409
35418
35427
35433
35436
35436
35437
35459
35466
35482
35495
35501
35502
35504
35515
35523
35528
35529
35531
35536
35546
35546
35551
35558
35614
35614
35626
35628
35636
35637
35645
35648
35653
35655
35672
35689
35711
35718
35727
35751
35760
35762
35762
35763
35782
35791
35807
35820
35829
35841
35855
35865
35865
35871
35879
35888
35890
35919
35937
35946
35952
35967
35974
35997
36014
36022
36029
36042
36048
36063
36071
36092
36103
36142
36151
36160
36175
36203
36210
36212
36238
36244
36245
36248
36250
36250
36259
36281
36289
36293
36293
36299
36301
36312
36319
36324
36342
36371
36379
36379
36381
36391
36398
36402
36407
36415
36425
36426
36432
36432
36441
36448
36453
36493
36502
36560
36560
36571
36587
36598
36615
36623
36623
36627
36646
36670
36673
36674
36683
36686
36687
36693
36693
36700
36700
36707
36708
36711
36724
36725
36735
36775
36787
36820
36840
36859
36864
36868
36868
36894
36901
36932
36942
36955
36963
36969
36975
36989
36991
37003
37024
37025
37043
37043
37050
37054
37074
37075
37076
37087
37096
37105
37116
37120
37121
37159
37177
37183
37271
37288
37291
37316
37317
37331
37335
37353
37357
37363
37369
37402
37479
37514
37522
37525
37542
37551
37568
37575
37579
37597
37605
37614
37643
37649
37694
37700
37705
37714
37716
37752
37756
37760
37792
37797
37806
37815
37815
37816
37823
37831
37857
37859
37860
37866
37873
37877
37912
37931
37938
37939
37943
37955
37961
37966
38008
38021
38040
38041
38042
38066
38076
38100
38101
38101
38108
38111
38122
38142
38145
38173
38177
38179
38195
38200
38217
38225
38229
38232
38255
38260
38267
38268
38272
38274
38280
38284
38301
38304
38311
38345
38354
38373
38384
38398
38416
38430
38430
38444
38445
38450
38451
38452
38454
38476
38476
38478
38483
38490
38522
38527
38527
38532
38533
38569
38589
38592
38598
38602
38611
38679
38680
38696
38699
38705
38711
38715
38728
38729
38729
38729
38735
38739
38745
38745
38751
38752
38775
38792
38803
38818
38825
38826
38851
38874
38876
38880
38885
38892
38918
38929
38933
38954
38966
38982
38987
38995
39001
39007
39032
39041
39112
39138
39138
39146
39148
39160
39186
39199
39199
39207
39222
39237
39247
39248
39267
39276
39276
39321
39324
39327
39329
39339
39344
39387
39415
39418
39438
39439
39446
39451
39462
39481
39499
39505
39505
39520
39523
39550
39552
39563
39566
39571
39578
39618
39622
39623
39626
39633
39649
39692
39695
39705
39705
39715
39727
39730
39734
39749
39755
39755
39782
39785
39799
39830
39835
39838
39845
39861
39862
39864
39866
39882
39891
39892
39919
39919
39924
39929
39939
39956
39977
39996
40000
40008
40010
40032
40042
40044
40082
40093
40104
40110
40121
40123
40137
40139
40139
40149
40162
40194
40207
40209
40216
40223
40229
40254
40266
40273
40282
40297
40297
40302
40306
40317
40343
40367
40376
40385
40406
40411
40416
40421
40423
40435
40440
40443
40461
40471
40483
40483
40484
40484
40484
40489
40500
40505
40508
40536
40536
40540
40547
40553
40577
40579
40580
40583
40591
40616
40641
40654
40664
40673
40734
40743
40761
40765
40767
40780
40788
40824
40841
40849
40857
40866
40867
40885
40887
40898
40907
40935
40941
40947
40950
40991
40999
41000
41007
41010
41010
41014
41022
41026
41041
41047
41060
41066
41076
41078
41084
41112
41112
41114
41131
41137
41144
41144
41146
41146
41167
41176
41182
41185
41188
41232
41233
41243
41257
41261
41263
41295
41310
41324
41327
41329
41338
41347
41359
41366
41385
41391
41395
41399
41400
41422
41433
41441
41452
41467
41484
41494
41503
41506
41508
41510
41545
41550
41553
41571
41602
41604
41613
41616
41625
41631
41634
41662
41678
41682
41689
41690
41693
41708
41738
41749
41749
41758
41761
41781
41782
41793
41796
41810
41850
41859
41861
41878
41909
41916
41916
41930
41945
41948
41995
41999
42001
42018
42024
42028
42029
42058
42064
42067
42068
42081
42098
42128
42128
42135
42146
42146
42151
42168
42176
42188
42194
42203
42208
42209
42225
42226
42234
42246
42251
42263
42291
42314
42315
42317
42326
42337
42356
42404
42404
42410
42425
42442
42451
42456
42458
42471
42512
42527
42544
42556
42566
42576
42590
42595
42598
42617
42678
42686
42686
42692
42695
42703
42709
42712
42715
42738
42739
42744
42758
42763
42772
42794
42835
42848
42853
42864
42864
42865
42869
42873
42889
42907
42959
42971
42982
42983
43002
43004
43015
43020
43023
43032
43033
43033
43034
43039
43070
43082
43083
43088
43113
43119
43121
43134
43140
43142
43146
43160
43162
43181
43183
43192
43196
43199
43202
43228
43231
43234
43240
43242
43243
43251
43251
43254
43290
43298
43299
43309
43320
43322
43322
43324
43327
43330
43337
43340
43341
43347
43357
43367
43373
43380
43396
43398
43429
43432
43446
43446
43455
43473
43479
43479
43485
43487
43501
43503
43538
43549
43557
43570
43571
43575
43588
43614
43620
43627
43634
43665
43666
43671
43678
43686
43700
43709
43712
43714
43715
43717
43724
43728
43740
43740
43758
43771
43780
43781
43786
43793
43799
43803
43809
43814
43822
43839
43857
43875
43880
43888
43896
43918
43946
43976
43987
43992
44038
44063
44068
44079
44079
44090
44107
44107
44111
44120
44122
44128
44132
44153
44167
44175
44176
44182
44183
44192
44197
44197
44201
44214
44230
44235
44251
44253
44258
44262
44285
44328
44335
44351
44354
44357
44357
44360
44372
44377
44394
44400
44401
44408
44419
44422
44437
44439
44442
44445
44451
44460
44474
44477
44484
44497
44502
44513
44526
44543
44547
44569
44572
44581
44623
44641
44642
44658
44666
44670
44670
44673
44673
44690
44702
44706
44760
44763
44773
44775
44802
44812
44817
44818
44829
44860
44871
44882
44883
44883
44904
44906
44914
44916
44917
44926
44926
44927
44929
44937
44962
44971
44981
44983
44988
44990
44996
45005
45005
45014
45029
45035
45043
45057
45058
45061
45083
45084
45085
45087
45101
45102
45104
45119
45155
45158
45162
45182
45190
45194
45196
45211
45247
45251
45269
45276
45277
45277
45283
45288
45299
45303
45304
45305
45311
45318
45324
45329
45330
45345
45358
45381
45387
45406
45413
45416
45445
45449
45454
45454
45456
45460
45467
45467
45486
45494
45505
45520
45543
45544
45545
45550
45561
45566
45579
45587
45597
45610
45611
45617
45631
45637
45641
45656
45658
45667
45697
45703
45718
45718
45719
45721
45721
45735
45748
45750
45778
45793
45797
45809
45812
45826
45830
45841
45843
45856
45879
45897
45899
45904
45904
45923
45959
45961
45963
45973
45973
45992
46001
46005
46011
46012
46031
46033
46057
46087
46094
46107
46119
46132
46146
46148
46152
46163
46172
46206
46209
46228
46236
46248
46250
46253
46255
46256
46262
46273
46274
46275
46281
46281
46283
46308
46316
46317
46321
46339
46346
46348
46350
46353
46355
46366
46374
46440
46470
46488
46524
46525
46527
46538
46551
46554
46560
46561
46574
46576
46596
46607
46610
46616
46618
46626
46630
46640
46693
46695
46721
46729
46748
46748
46768
46779
46779
46799
46800
46802
46820
46831
46841
46852
46857
46869
46873
46900
46903
46904
46924
46934
46958
46961
46966
46972
47011
47017
47028
47035
47048
47059
47062
47075
47080
47088
47103
47106
47108
47112
47113
47135
47137
47148
47161
47161
47170
47199
47200
47200
47206
47230
47245
47259
47259
47264
47273
47282
47284
47288
47315
47319
47352
47370
47372
47383
47408
47420
47465
47470
47477
47484
47492
47502
47509
47517
47522
47553
47559
47568
47571
47583
47618
47626
47638
47652
47666
47669
47672
47688
47693
47698
47701
47770
47771
47780
47817
47830
47838
47840
47850
47853
47853
47861
47867
47869
47889
47890
47927
47927
47956
47977
48001
48017
48026
48063
48070
48077
48082
48092
48092
48095
48098
48117
48121
48123
48129
48131
48137
48147
48148
48149
48170
48174
48175
48188
48196
48205
48261
48275
48277
48292
48295
48306
48318
48357
48359
48359
48365
48369
48371
48381
48415
48420
48443
48449
48452
48455
48457
48476
48483
48500
48513
48524
48547
48548
48576
48596
48597
48601
48603
48603
48650
48652
48669
48670
48689
48693
48695
48703
48710
48732
48741
48743
48756
48761
48767
48777
48778
48791
48793
48808
48810
48827
48839
48842
48855
48860
48874
48899
48899
48900
48906
48927
48947
48953
48996
49002
49002
49004
49007
49012
49049
49057
49073
49095
49107
49107
49123
49125
49136
49139
49141
49163
49164
49181
49184
49193
49199
49203
49204
49246
49247
49249
49252
49257
49265
49271
49271
49307
49321
49331
49334
49335
49345
49363
49372
49372
49385
49390
49391
49424
49432
49444
49448
49463
49474
49511
49516
49522
49526
49543
49549
49554
49569
49593
49596
49598
49606
49616
49617
49628
49643
49661
49673
49687
49690
49690
49695
49698
49724
49730
49732
49743
49745
49815
49825
49827
49828
49831
49846
49847
49881
49882
49884
49884
49907
49914
49934
49939
49982
49985
49986
49998
50007
50012
50022
50024
50025
50032
50053
50057
50073
50089
50093
50124
50126
50139
50144
50147
50150
50155
50155
50159
50160
50166
50168
50183
50202
50250
50253
50255
50262
50264
50272
50274
50300
50306
50316
50329
50339
50345
50346
50360
50370
50372
50387
50404
50408
50421
50435
50450
50459
50460
50473
50481
50494
50502
50506
50522
50530
50534
50542
50547
50549
50559
50564
50576
50584
50587
50590
50593
50621
50627
50627
50662
50664
50666
50675
50679
50680
50688
50701
50711
50717
50761
50765
50779
50784
50791
50792
50796
50807
50807
50812
50815
50826
50832
50840
50856
50867
50873
50873
50890
50907
50919
50920
50928
50929
50932
50954
50959
50965
50967
50970
50974
50977
51019
51030
51036
51074
51091
51115
51119
51134
51137
51152
51165
51170
51177
51183
51200
51213
51213
51216
51228
51229
51236
51240
51249
51267
51293
51301
51304
51320
51330
51338
51351
51360
51378
51382
51384
51392
51404
51416
51431
51434
51441
51450
51458
51503
51530
51532
51538
51554
51577
51578
51579
51581
51583
51609
51611
51627
51648
51659
51664
51673
51682
51686
51695
51696
51728
51738
51749
51754
51763
51767
51774
51782
51798
51800
51806
51807
51822
51843
51844
51859
51860
51869
51883
51884
51888
51890
51919
51934
51938
51955
51957
51957
51963
51972
51992
52023
52030
52044
52048
52057
52067
52068
52099
52101
52121
52124
52142
52146
52158
52202
52205
52212
52221
52223
52240
52245
52248
52258
52262
52264
52267
52296
52310
52322
52325
52326
52340
52347
52365
52369
52370
52379
52384
52390
52393
52401
52423
52433
52435
52464
52471
52482
52486
52487
52497
52521
52528
52532
52534
52555
52561
52572
52578
52590
52600
52610
52619
52624
52626
52634
52657
52668
52704
52717
52726
52731
52732
52753
52763
52766
52769
52781
52786
52787
52830
52836
52848
52850
52863
52873
52878
52892
52901
52905
52911
52916
52941
52958
52959
52970
52975
52979
52981
52986
53007
53017
53019
53058
53059
53072
53073
53087
53097
53106
53109
53111
53112
53113
53124
53128
53136
53157
53168
53192
53226
53234
53234
53245
53246
53257
53257
53261
53264
53266
53271
53287
53292
53321
53325
53341
53355
53365
53368
53380
53381
53397
53401
53403
53417
53424
53429
53446
53463
53473
53488
53501
53515
53522
53607
53615
53630
53633
53639
53642
53660
53668
53670
53677
53684
53693
53693
53701
53716
53743
53762
53763
53765
53766
53778
53790
53791
53796
53804
53812
53813
53829
53834
53839
53842
53854
53855
53864
53879
53881
53900
53919
53920
53924
53925
53934
53940
53942
53989
53998
54001
54003
54014
54023
54027
54034
54050
54052
54063
54064
54068
54078
54080
54091
54097
54100
54104
54105
54111
54112
54132
54135
54136
54147
54147
54150
54164
54167
54170
54179
54186
54207
54211
54216
54234
54235
54241
54244
54247
54247
54256
54261
54265
54270
54287
54289
54327
54351
54376
54381
54384
54392
54394
54410
54422
54443
54452
54458
54473
54474
54509
54529
54532
54543
54544
54547
54581
54622
54628
54644
54646
54651
54663
54670
54671
54693
54704
54709
54709
54718
54721
54727
54728
54736
54743
54760
54772
54776
54854
54870
54872
54879
54881
54884
54887
54887
54921
54928
54955
54963
54973
54979
54981
54986
54992
55020
55077
55087
55090
55132
55132
55151
55184
55191
55203
55215
55222
55255
55270
55287
55288
55312
55331
55332
55336
55340
55351
55354
55355
55361
55374
55386
55404
55411
55433
55434
55452
55459
55477
55480
55517
55520
55522
55525
55536
55544
55545
55549
55558
55607
55610
55624
55630
55640
55642
55662
55664
55665
55682
55686
55691
55692
55698
55723
55742
55747
55768
55772
55774
55775
55781
55808
55810
55837
55847
55858
55866
55884
55891
55905
55911
55938
55979
56004
56014
56045
56046
56071
56077
56102
56111
56116
56142
56145
56173
56192
56205
56206
56211
56216
56231
56233
56240
56248
56257
56260
56278
56300
56305
56338
56366
56380
56390
56407
56409
56438
56443
56444
56507
56509
56518
56539
56544
56547
56565
56572
56578
56588
56596
56602
56620
56628
56629
56634
56642
56710
56714
56737
56740
56742
56744
56747
56752
56757
56769
56777
56786
56786
56791
56800
56813
56816
56820
56821
56830
56845
56848
56856
56875
56892
56893
56905
56906
56950
56969
56978
56987
56992
56994
56999
57033
57055
57099
57102
57104
57106
57118
57122
57128
57147
57150
57184
57185
57192
57193
57199
57211
57226
57234
57235
57241
57253
57254
57266
57268
57272
57292
57295
57296
57300
57304
57312
57318
57348
57352
57352
57355
57362
57363
57365
57367
57369
57371
57372
57387
57416
57440
57453
57455
57465
57467
57485
57486
57486
57540
57545
57549
57566
57566
57572
57580
57581
57583
57589
57591
57601
57610
57649
57655
57667
57675
57680
57687
57688
57702
57703
57719
57720
57722
57760
57764
57764
57778
57787
57848
57857
57857
57860
57883
57883
57906
57907
57908
57910
57923
57940
57944
57956
57959
57982
58003
58007
58024
58046
58049
58061
58118
58126
58132
58140
58141
58168
58170
58173
58177
58191
58204
58208
58208
58212
58215
58215
58231
58235
58264
58269
58273
58299
58317
58319
58320
58327
58334
58348
58375
58387
58397
58412
58424
58428
58443
58450
58454
58484
58514
58516
58529
58534
58544
58556
58556
58558
58559
58560
58564
58569
58587
58591
58595
58608
58610
58618
58627
58663
58665
58676
58680
58680
58681
58694
58696
58732
58739
58747
58758
58777
58780
58805
58808
58822
58824
58827
58832
58837
58845
58901
58902
58903
58924
58927
58976
58979
58981
58983
58989
58991
59000
59001
59003
59010
59050
59061
59063
59072
59089
59090
59105
59107
59114
59115
59148
59189
59209
59231
59233
59259
59267
59296
59307
59310
59320
59330
59344
59346
59356
59368
59373
59380
59390
59404
59414
59416
59418
59428
59438
59449
59450
59464
59465
59468
59483
59511
59523
59572
59574
59579
59594
59618
59620
59631
59635
59642
59650
59651
59652
59665
59687
59690
59709
59731
59738
59743
59745
59750
59763
59813
59848
59851
59878
59880
59895
59916
59934
59936
59945
59957
59964
59998
60012
60019
60026
60040
60053
60056
60057
60062
60064
60087
60094
60096
60102
60112
60124
60145
60145
60154
60160
60169
60172
60174
60227
60229
60233
60244
60247
60248
60249
60266
60271
60285
60305
60320
60327
60350
60364
60369
60376
60389
60391
60397
60414
60416
60431
60494
60496
60508
60525
60556
60561
60592
60598
60601
60607
60630
60631
60644
60650
60654
60666
60670
60678
60713
60721
60733
60735
60743
60758
60765
60784
60792
60793
60794
60795
60804
60826
60844
60851
60866
60869
60893
60910
60918
60919
60921
60924
60926
60933
60941
60946
60951
60956
60962
60975
60985
60985
61004
61010
61011
61017
61027
61064
61065
61066
61113
61119
61120
61121
61121
61135
61136
61153
61166
61168
61173
61177
61177
61190
61194
61195
61213
61222
61226
61263
61280
61315
61339
61340
61342
61342
61343
61355
61358
61365
61387
61393
61400
61404
61417
61428
61430
61437
61438
61444
61446
61447
61463
61489
61496
61498
61511
61511
61516
61546
61549
61556
61584
61594
61607
61630
61653
61668
61673
61706
61719
61737
61748
61749
61755
61755
61758
61760
61764
61767
61777
61793
61800
61825
61826
61840
61847
61858
61892
61900
61927
61944
61948
61960
61972
61973
61996
62000
62007
62009
62014
62019
62027
62043
62048
62054
62056
62060
62063
62063
62065
62070
62079
62084
62086
62098
62101
62111
62112
62123
62170
62175
62188
62208
62222
62234
62259
62277
62281
62302
62302
62317
62331
62336
62336
62343
62346
62355
62356
62363
62386
62388
62389
62427
62432
62438
62439
62441
62445
62450
62453
62453
62461
62466
62466
62479
62481
62487
62493
62501
62515
62529
62530
62533
62536
62538
62558
62561
62568
62569
62575
62586
62591
62594
62621
62632
62644
62655
62663
62681
62688
62705
62720
62724
62732
62761
62764
62766
62776
62800
62801
62812
62814
62831
62832
62837
62843
62846
62847
62851
62870
62896
62917
62920
62926
62941
62947
62953
62964
62981
62986
62991
63009
63011
63027
63034
63041
63045
63072
63082
63084
63085
63088
63099
63105
63111
63113
63126
63141
63144
63152
63152
63152
63184
63186
63186
63186
63206
63220
63226
63227
63229
63237
63239
63241
63251
63264
63264
63264
63278
63290
63292
63296
63312
63320
63323
63327
63336
63356
63361
63379
63380
63399
63410
63416
63425
63427
63429
63457
63463
63471
63476
63499
63501
63504
63506
63530
63538
63546
63561
63561
63577
63589
63598
63602
63603
63620
63632
63632
63643
63643
63647
63649
63657
63662
63681
63708
63737
63738
63763
63791
63810
63815
63841
63842
63843
63844
63850
63865
63875
63888
63901
63902
63910
63912
63914
63947
63960
63970
63977
63981
63992
64037
64038
64039
64053
64055
64058
64074
64076
64085
64109
64110
64140
64222
64227
64265
64282
64289
64293
64313
64314
64315
64330
64354
64366
64375
64385
64395
64398
64400
64428
64437
64437
64454
64459
64465
64474
64498
64505
64509
64523
64526
64533
64552
64556
64571
64595
64603
64605
64611
64616
64623
64628
64637
64647
64656
64660
64668
64675
64678
64715
64719
64721
64724
64724
64730
64745
64757
64764
64765
64779
64780
64783
64789
64801
64802
64803
64803
64830
64871
64875
64877
64879
64885
64886
64895
64900
64924
64933
64946
64956
64959
64969
64969
64974
65011
65042
65046
65049
65054
65059
65064
65076
65082
65101
65121
65145
65147
65153
65183
65189
65200
65204
65207
65212
65213
65222
65240
65245
65260
65295
65308
65352
65354
65354
65360
65362
65380
65385
65403
65424
65481
65483
65489
65501
65507
65509
65509
65515
65525
65545
65548
65551
65553
65557
65561
65585
65603
65618
65620
65623
65641
65643
65665
65680
65683
65689
65710
65730
65734
65744
65753
65763
65766
65783
65793
65796
65803
65809
65813
65827
65851
65863
65864
65865
65871
65873
65883
65888
65898
65915
65918
65925
65929
65934
65960
65973
65988
65996
66002
66005
66019
66029
66068
66074
66078
66085
66088
66121
66132
66132
66157
66167
66171
66194
66202
66216
66227
66246
66246
66264
66266
66274
66300
66301
66304
66308
66321
66340
66346
66347
66348
66361
66362
66378
66388
66395
66419
66433
66435
66449
66463
66504
66510
66510
66519
66519
66520
66521
66530
66556
66561
66568
66572
66575
66596
66599
66612
66621
66622
66650
66689
66690
66702
66717
66719
66739
66763
66767
66767
66779
66787
66788
66797
66813
66815
66816
66817
66828
66829
66850
66858
66859
66863
66870
66877
66887
66899
66908
66908
66923
66941
66945
66946
66959
66970
66979
66999
67000
67026
67049
67054
67070
67083
67096
67108
67140
67158
67181
67191
67192
67194
67198
67204
67237
67244
67248
67268
67276
67283
67290
67304
67309
67330
67337
67339
67347
67367
67409
67409
67411
67425
67427
67435
67446
67457
67462
67483
67494
67506
67510
67516
67520
67528
67557
67558
67567
67573
67591
67598
67609
67613
67621
67630
67638
67639
67663
67666
67670
67679
67697
67697
67710
67718
67729
67738
67739
67761
67790
67794
67813
67832
67846
67858
67885
67886
67889
67911
67925
67938
67945
67949
67956
67960
67961
67979
67997
68000
68024
68040
68048
68066
68082
68090
68090
68091
68095
68110
68126
68127
68136
68140
68141
68151
68158
68169
68177
68201
68219
68252
68272
68275
68277
68298
68322
68333
68337
68351
68378
68385
68421
68431
68435
68437
68462
68478
68487
68512
68520
68521
68523
68535
68539
68546
68550
68551
68554
68558
68590
68594
68595
68603
68611
68612
68627
68657
68673
68677
68682
68683
68686
68687
68704
68705
68717
68723
68727
68730
68741
68756
68757
68771
68785
68787
68802
68818
68819
68819
68832
68852
68856
68863
68871
68871
68876
68877
68886
68922
68932
68935
68943
68952
68975
68981
68982
68985
68992
69004
69006
69011
69023
69024
69029
69033
69039
69042
69045
69047
69049
69058
69068
69077
69083
69094
69124
69131
69140
69153
69167
69169
69178
69179
69180
69185
69196
69213
69214
69222
69228
69233
69235
69236
69249
69266
69268
69281
69285
69289
69295
69311
69317
69327
69345
69360
69366
69389
69392
69421
69428
69435
69438
69446
69478
69479
69479
69493
69518
69528
69532
69544
69548
69555
69577
69620
69649
69666
69679
69690
69737
69754
69761
69807
69814
69825
69833
69838
69860
69861
69866
69868
69885
69911
69915
69921
69930
69934
69952
69959
69972
69986
69991
69994
69996
69997
70000
70004
70023
70053
70067
70095
70099
70102
70128
70129
70129
70144
70156
70215
70224
70275
70280
70280
70296
70301
70308
70311
70343
70348
70357
70367
70368
70380
70393
70394
70394
70430
70431
70435
70436
70438
70449
70449
70460
70460
70464
70476
70496
70513
70520
70522
70552
70558
70560
70566
70570
70571
70579
70581
70590
70610
70611
70623
70635
70659
70677
70695
70696
70697
70716
70736
70745
70761
70765
70767
70769
70771
70772
70778
70779
70810
70817
70822
70827
70827
70838
70865
70867
70870
70881
70912
70918
70920
70950
70965
70971
70971
70992
70994
71012
71016
71018
71034
71044
71052
71053
71054
71057
71059
71060
71074
71091
71104
71117
71123
71128
71132
71137
71162
71168
71185
71187
71187
71190
71195
71199
71216
71245
71271
71288
71289
71302
71302
71337
71349
71354
71355
71355
71369
71374
71375
71391
71422
71455
71464
71469
71484
71495
71500
71508
71514
71525
71527
71545
71553
71576
71579
71580
71583
71588
71596
71607
71612
71636
71640
71641
71646
71646
71659
71661
71661
71727
71733
71734
71738
71742
71776
71794
71799
71807
71826
71832
71836
71841
71848
71857
71868
71897
71911
71911
71931
71937
71941
71955
71963
71981
72033
72034
72038
72043
72061
72067
72070
72074
72079
72080
72087
72090
72091
72135
72135
72154
72166
72168
72173
72179
72184
72194
72196
72214
72215
72228
72246
72247
72247
72263
72270
72294
72308
72308
72312
72320
72349
72359
72359
72373
72426
72428
72430
72445
72447
72455
72458
72461
72463
72475
72481
72497
72548
72549
72551
72567
72568
72585
72593
72597
72606
72621
72623
72651
72663
72673
72692
72731
72758
72770
72776
72778
72817
72819
72823
72825
72836
72866
72884
72934
72938
72938
72947
72985
72985
72992
73001
73004
73009
73015
73017
73017
73039
73040
73044
73064
73067
73113
73117
73118
73121
73125
73128
73128
73143
73143
73156
73159
73169
73172
73173
73192
73205
73239
73252
73255
73270
73290
73303
73310
73312
73313
73336
73337
73341
73351
73374
73376
73381
73388
73400
73415
73419
73430
73431
73436
73443
73464
73477
73479
73484
73485
73506
73509
73514
73517
73520
73532
73541
73562
73568
73569
73574
73579
73591
73607
73613
73645
73651
73661
73673
73675
73717
73725
73729
73748
73769
73779
73783
73790
73808
73811
73814
73817
73832
73852
73872
73873
73884
73904
73907
73920
73921
73924
73938
73957
73970
73977
73986
73999
74024
74062
74080
74083
74085
74093
74098
74108
74113
74114
74141
74147
74158
74160
74169
74177
74215
74217
74235
74237
74238
74252
74258
74275
74277
74304
74323
74328
74335
74337
74372
74385
74387
74403
74430
74434
74438
74448
74450
74462
74465
74484
74495
74505
74521
74530
74550
74556
74570
74570
74577
74581
74586
74598
74607
74635
74650
74655
74670
74717
74718
74723
74729
74756
74757
74768
74773
74774
74775
74811
74818
74855
74859
74868
74870
74870
74872
74880
74881
74893
74908
74910
74915
74921
74923
74931
74937
74940
74951
74982
74985
74992
75005
75034
75057
75110
75111
75164
75172
75179
75199
75209
75212
75229
75236
75238
75250
75251
75256
75271
75272
75279
75279
75283
75289
75315
75316
75353
75360
75367
75388
75389
75406
75416
75418
75419
75429
75450
75455
75456
75461
75478
75485
75486
75490
75520
75521
75527
75532
75535
75542
75562
75574
75584
75589
75599
75624
75642
75644
75644
75645
75655
75670
75673
75677
75677
75691
75692
75705
75730
75750
75756
75762
75769
75783
75808
75818
75849
75853
75857
75860
75866
75889
75889
75903
75907
75921
75923
75939
75961
75965
75965
75977
75993
76004
76014
76020
76034
76041
76045
76048
76049
76059
76060
76072
76135
76140
76141
76159
76164
76167
76176
76184
76194
76194
76206
76206
76218
76223
76227
76236
76256
76267
76270
76279
76284
76289
76309
76330
76340
76353
76355
76357
76371
76392
76392
76409
76409
76409
76412
76416
76417
76418
76422
76425
76439
76448
76456
76463
76474
76486
76488
76494
76496
76501
76527
76529
76533
76536
76569
76582
76588
76592
76602
76603
76622
76623
76625
76639
76639
76650
76651
76662
76667
76681
76682
76683
76692
76693
76713
76717
76748
76775
76788
76789
76810
76812
76857
76882
76887
76890
76895
76899
76899
76904
76925
76929
76935
76945
76991
77013
77021
77022
77029
77040
77046
77070
77083
77094
77096
77098
77110
77121
77123
77125
77131
77140
77142
77149
77153
77158
77173
77178
77182
77207
77213
77214
77216
77236
77241
77275
77293
77317
77337
77340
77344
77360
77372
77394
77407
77416
77449
77451
77457
77468
77469
77470
77487
77498
77507
77510
77512
77515
77520
77543
77556
77557
77562
77593
77610
77616
77618
77623
77626
77650
77651
77661
77673
77691
77694
77702
77705
77711
77717
77721
77733
77747
77753
77766
77782
77796
77804
77810
77837
77840
77841
77846
77849
77861
77872
77874
77885
77885
77888
77900
77900
77904
77907
77908
77910
77925
77926
77929
77935
77956
77969
77970
77972
77977
78005
78013
78026
78030
78039
78049
78054
78066
78089
78093
78100
78116
78142
78147
78147
78152
78167
78176
78189
78202
78203
78217
78223
78227
78241
78267
78280
78284
78304
78309
78318
78319
78322
78348
78361
78367
78375
78380
78381
78385
78392
78404
78415
78425
78429
78448
78465
78470
78493
78515
78527
78533
78542
78547
78559
78566
78630
78630
78643
78643
78676
78695
78698
78705
78709
78711
78742
78749
78753
78771
78773
78776
78778
78779
78793
78801
78804
78820
78824
78829
78830
78863
78863
78879
78884
78915
78931
78931
78940
78949
78961
78974
78978
78981
78984
78985
78996
79014
79017
79050
79067
79078
79081
79085
79087
79091
79097
79109
79118
79122
79141
79155
79193
79194
79226
79248
79256
79257
79270
79276
79278
79281
79288
79297
79331
79359
79359
79368
79386
79389
79391
79404
79410
79410
79415
79423
79426
79431
79444
79454
79462
79464
79483
79484
79544
79564
79567
79602
79609
79613
79623
79666
79666
79706
79728
79737
79747
79762
79779
79779
79786
79788
79800
79807
79812
79812
79829
79831
79843
79847
79867
79869
79888
79894
79900
79925
79929
79937
79940
79955
79965
79967
79970
79987
79998
80004
80022
80032
80044
80045
80045
80047
80060
80065
80096
80099
80102
80104
80110
80126
80126
80136
80144
80196
80202
80206
80218
80228
80233
80237
80247
80253
80267
80288
80289
80289
80303
80306
80309
80317
80323
80329
80329
80334
80336
80337
80357
80370
80371
80378
80394
80394
80402
80420
80425
80438
80440
80441
80443
80446
80447
80450
80455
80457
80491
80496
80513
80517
80520
80521
80524
80525
80531
80535
80536
80548
80560
80576
80614
80627
80629
80649
80650
80660
80669
80675
80682
80698
80706
80710
80722
80729
80737
80757
80768
80772
80772
80789
80799
80802
80815
80830
80840
80844
80847
80859
80860
80876
80878
80879
80883
80902
80907
80921
80922
80957
80971
80976
80981
81028
81034
81037
81054
81063
81067
81078
81094
81102
81103
81108
81112
81113
81122
81133
81135
81136
81165
81169
81180
81214
81215
81220
81229
81243
81268
81275
81303
81321
81324
81327
81330
81357
81375
81389
81399
81401
81408
81441
81446
81473
81489
81495
81510
81545
81561
81570
81591
81596
81597
81604
81612
81619
81638
81647
81648
81648
81653
81674
81682
81701
81705
81709
81711
81715
81719
81739
81741
81742
81743
81757
81772
81777
81785
81787
81795
81798
81812
81839
81865
81874
81888
81891
81892
81904
81923
81940
81941
81949
81957
81960
82007
82064
82080
82093
82100
82104
82105
82106
82114
82131
82152
82177
82179
82183
82196
82199
82200
82207
82208
82212
82259
82260
82265
82280
82284
82291
82303
82304
82317
82349
82375
82377
82379
82381
82383
82405
82419
82428
82473
82522
82526
82527
82531
82535
82541
82545
82552
82557
82596
82642
82649
82654
82655
82659
82663
82675
82694
82700
82710
82716
82718
82730
82735
82749
82757
82775
82783
82788
82793
82803
82814
82817
82818
82830
82837
82839
82855
82859
82864
82866
82878
82892
82933
82934
82951
82998
83003
83009
83013
83018
83024
83038
83086
83090
83103
83118
83119
83143
83167
83199
83200
83213
83218
83227
83237
83239
83253
83254
83265
83271
83301
83302
83309
83318
83327
83337
83340
83340
83361
83365
83368
83380
83382
83393
83396
83399
83414
83416
83421
83431
83434
83460
83474
83484
83492
83508
83525
83533
83533
83549
83550
83564
83567
83575
83590
83590
83593
83594
83595
83598
83604
83617
83626
83637
83646
83666
83678
83684
83733
83735
83743
83759
83781
83788
83797
83804
83807
83815
83828
83831
83837
83839
83851
83860
83860
83864
83875
83887
83894
83895
83921
83953
83975
83988
83991
84011
84022
84030
84034
84049
84085
84096
84099
84102
84103
84117
84145
84150
84157
84157
84170
84185
84211
84221
84228
84230
84238
84250
84256
84257
84265
84270
84278
84283
84304
84305
84313
84322
84324
84327
84342
84351
84354
84355
84372
84376
84392
84403
84407
84427
84429
84445
84461
84487
84488
84499
84511
84517
84533
84549
84569
84603
84614
84625
84626
84631
84632
84644
84648
84662
84666
84670
84671
84671
84692
84700
84723
84732
84754
84755
84769
84788
84789
84802
84804
84808
84818
84820
84825
84850
84870
84872
84895
84905
84909
84921
84925
84928
84943
84948
84963
84983
85011
85014
85017
85038
85045
85052
85053
85056
85059
85076
85099
85106
85108
85123
85157
85159
85162
85179
85186
85188
85203
85210
85219
85219
85223
85242
85250
85253
85299
85300
85315
85322
85333
85334
85347
85348
85354
85364
85374
85381
85390
85407
85423
85425
85447
85474
85509
85516
85523
85525
85526
85533
85535
85563
85576
85588
85599
85600
85647
85648
85654
85675
85698
85700
85740
85744
85754
85769
85773
85777
85807
85819
85871
85877
85882
85908
85909
85914
85918
85922
85937
85938
85968
85992
85996
85998
86007
86012
86014
86031
86061
86090
86095
86097
86100
86116
86116
86127
86140
86160
86177
86184
86189
86195
86202
86213
86221
86239
86261
86287
86295
86302
86306
86313
86330
86350
86356
86366
86385
86389
86422
86432
86441
86449
86451
86468
86486
86488
86497
86512
86526
86537
86556
86562
86564
86569
86572
86574
86576
86587
86601
86603
86604
86612
86619
86641
86659
86697
86700
86703
86709
86746
86750
86752
86770
86772
86777
86780
86799
86826
86828
86845
86847
86848
86862
86868
86928
86951
86952
86956
86961
86966
86967
86978
86984
86986
86995
87000
87013
87016
87032
87043
87069
87070
87078
87119
87125
87125
87128
87142
87164
87174
87187
87204
87212
87214
87222
87223
87228
87232
87253
87254
87272
87299
87303
87308
87309
87317
87326
87367
87369
87392
87398
87417
87433
87435
87441
87442
87442
87452
87467
87495
87503
87504
87513
87514
87535
87554
87555
87560
87566
87581
87598
87607
87618
87632
87640
87653
87661
87671
87692
87699
87710
87719
87758
87759
87761
87764
87766
87779
87781
87807
87845
87846
87851
87866
87870
87885
87885
87886
87893
87899
87901
87902
87910
87921
87931
87933
87937
87938
87974
87980
87981
87997
88201
88266
88647
89047
89069
89072
89445
89578
89731
90255
90470
90471
90516
91252
91294
91363
91872
92074
92150
92410
92523
92786
92874
92907
92945
92977
93305
93367
93417
94269
94377
95097
95385
96100
96225
96327
97009
97132
97263
97271
97280
97442
97637
97709
97839
98398
98462
98796
99244
99399
99672
99759
99770
100240
100361
100390
100558
100901
100965
100965
100975
101012
101323
101410
101823
101827
102108
102257
102584
102884
104073
104467
104518
104672
105738
105812
106263
106336
106382
106469
106822
106883
107007
107905
109057
109216
110178
110305
110338
110384
110401
110404
110699
110788
111101
111645
112080
112165
113488
114000
114108
114208
114618
114667
115204
115415
115485
115713
115795
116043
116078
116236
116366
116411
116847
116940
117299
118061
118839
119401
119449
119831
119999
120156
120224
120231
120238
120328
120362
120426
120439
120538
120724
121738
121957
122302
122364
122365
122690
122919
123165
123234
123237
123332
123379
123478
123689
124590
124734
124869
126935
127012
127380
127467
128184
129698
130138
130670
130719
131332
131525
131562
131725
132084
132649
132886
133121
133211
133374
133785
134082
134300
134427
134443
134488
134562
134609
135093
136370
136458
137462
137592
137770
137908
138226
138382
138481
138482
138797
139030
139289
139869
140357
140589
140893
141398
141458
141700
142102
142178
142383
142678
142806
142901
143012
143107
143119
143804
144190
144665
144680
145705
145779
146063
146376
146431
146503
147056
147186
147599
147679
147782
147952
148127
148255
148269
148636
148764
148828
149656
149914
150266
150427
150439
150909
151058
151229
151502
152321
153360
153584
153990
154028
154029
154593
154656
154776
154848
155143
155681
155842
156567
156612
156628
156747
156825
157749
158749
158787
159672
159727
160078
160211
160397
160651
161002
161149
161483
161758
161763
162047
162178
162307
162310
163212
163880
164099
164130
164239
164254
165888
166262
167654
168367
168444
168754
169090
169099
169225
169343
169569
169789
170316
170343
171231
171519
171528
172120
172416
172725
172750
172821
172997
173022
173090
173319
173751
173891
175219
175882
176809
177345
177903
178104
178525
179479
179810
180518
181212
181244
182078
182578
183848
183926
183952
184100
186218
186406
186554
188857
189001
189344
189636
189851
190744
191253
191584
191828
192707
192722
193288
193856
193918
195357
195484
195640
195749
196454
196853
196861
197256
198786
199743
200102
200728
200923
201425
201835
201892
202009
203197
203417
203995
204212
204333
205002
205611
206213
207066
207666
209588
209985
210345
210582
212295
212990
213210
213804
215559
216435
218053
218106
219186
219840
220898
221611
222181
222839
223088
223501
223770
224262
224938
225358
226423
228600
229047
229523
229886
230711
232059
232088
232230
232378
233020
233762
234433
234529
235497
235658
235759
236462
237005
237822
237868
238310
240176
240394
241645
241811
242483
242837
243069
243983
244399
244595
245178
245229
246605
246766
246878
249188
249348
249657
250970
251947
253277
254211
256283
257837
258579
260020
260191
260919
261434
261607
262342
262746
263074
263701
264558
264583
264787
269436
270559
272027
272506
272656
272710
274399
274571
275059
275623
275744
279892
282392
284646
285138
288052
289499
290698
293614
296387
297460
300143
302405
302818
303503
306171
307621
308897
310051
310120
316157
317516
318289
320384
321456
325050
325442
326748
327126
329384
329885
330846
334116
334563
336507
338240
339643
343421
343521
344207
344373
347905
349753
350475
350547
350895
351427
352523
353831
353845
358433
358678
359036
359530
359961
360699
361259
362489
364396
364577
365101
365431
366977
367690
367897
369022
369914
372014
372368
373506
374719
375556
376064
378212
381455
381900
382034
383621
383625
391554
392053
392820
392849
393767
394271
394760
395888
395890
397052
397762
398563
399312
400408
401415
402001
402712
404123
405689
406220
406260
406583
406891
409249
409966
411210
411390
411521
412732
413101
413376
414002
415427
416843
417276
417626
418598
420248
420325
421718
422277
423747
424004
424383
424455
425408
425536
425626
427089
428008
428525
428915
429022
430093
430677
431055
431384
432631
435339
435703
436458
436600
436633
437293
437789
438563
439289
439579
440825
440857
442696
443063
443826
444785
447913
449132
450090
450116
450812
452197
452507
452990
454576
456520
457096
458116
458659
462831
463728
464102
465612
465914
466065
466849
467033
469356
469771
470177
470193
470563
471599
472263
472627
472633
476612
476910
477285
478445
478523
478901
480223
482082
483840
483894
484216
486318
490375
491583
492926
494420
494712
494923
495231
496790
497300
499053
500501
500613
502576
503268
504232
506858
508236
508533
508957
509853
510727
511637
512380
513865
515312
516693
517890
518274
520130
522215
523461
523573
528114
530404
530607
531979
542641
547998
552704
553518
553662
556203
557776
558078
558869
559429
560195
561146
564068
570417
574218
575954
580046
586027
586385
586620
590747
591430
592479
596649
599595
600661
603494
603948
605184
605945
608520
611379
613180
613267
614167
615870
616818
626692
638032
662674
674243
684843
686046
686074
686959
702043
713151
718173
725351
742231
744663
748808
756670
759595
760970
775459
800656
801709
812403
813472
822079
826434
840731
841697
856091
871796
881088
889788
890865
894772
898179
909699
910820
911708
914252
917565
917805
921803
922604
938191
940672
941497
943851
944694
957196
958229
968062
969135
969236
969413
969576
969891
971319
971379
972900
973150
974151
975509
975799
977828
977997
978888
981128
981891
982282
983227
985454
987404
987823
991658
994885
995122
996966
997103
999398
1002636
1003394
1004151
1005870
1005940
1006305
1007586
1009478
1009716
1010154
1010343
1011026
1012351
1016809
1018018
1018148
1020351
1021024
1021328
1022424
1024194
1025691
1025729
1026974
1027688
1029751
1029814
1030017
1030058
1031105
1031409
1031816
1032348
1032835
1032914
1034243
1034881
1034978
1035033
1035734
1035776
1035838
1036416
1036712
1036788
1037674
1037938
1038920
1038988
1039074
1039395
1039947
1040519
1041505
1041741
1043606
1044049
1044164
1044616
1044759
1046081
1047036
1047633
1048792
1049040
1051743
1052352
1053283
1054336
1054588
1055393
1152141
1153739
1157920
1158382
1164556
1173693
1178585
1189451
1202779
1227860
1238243
1241863
1243627
1249645
1260733
1267101
1269451
1281182
1284068
1307243
1321934
1322656
1323374
1324530
1324986
1328514
1330591
1330836
1335641
1336196
1338657
1345940
1354961
1367138
1368518
1382627
1387083
1392313
1396412
1401634
1420127
1422795
1429987
1446176
1446311
1451435
1457227
1478693
1482435
1484396
1503158
1512507
1512944
1525577
1536867
1544388
1551202
1552773
1555030
1576190
1585974
1589585
1591826
1615650
1625719
1627143
1629949
1633926
1639378
1662263
1672842
1677523
1678248
1678611
1681572
1683895
1690442
1693956
1695548
1695554
1701238
1701272
1706046
1709733
1714782
1726733
1729601
1731128
1732191
1732267
1742861
1744646
1747058
1753942
1755210
1756997
1757317
1758218
1759064
1759266
1768469
1776747
1778168
1779844
1798914
1803779
1812554
1814201
1818129
1835133
1851284
1858233
1865089
1882082
1882493
1890834
1896705
1900249
1904420
1919929
1936457
1940741
1947226
1950231
1950310
1951732
1954629
1959017
1960250
1988186
1992934
1995400
2004957
2007622
2016420
2016820
2018546
2018604
2023266
2023636
2025022
2028420
2048360
2049747
2067571
2077621
2089867
2098539
2104827
2110734
2134525
2148171
2150078
2160898
2167116
2171273
2182913
2182937
2188607
2195971
2488696
2496809
2497001
2504145
2536990
2542990
2543285
2546000
2546504
2548807
2552517
2556587
2558410
2562383
2566470
2566472
2569101
2569449
2571885
2572219
2575518
2584937
2587925
2595358
2595787
2597267
2598215
2599671
2599932
2600268
2600829
2609109
2611629
2611701
2613777
2621959
2623835
2624750
2626472
2632459
2642518
2642910
2648807
2659379
2665113
2693704
2700797
2702095
2715043
2723923
2729240
2731165
2738360
2745777
2752020
2756594
2758885
2760636
2764860
2769746
2770750
2770981
2774157
2775595
2788567
2791570
2793791
2800729
2805552
2808148
2817617
2831904
2831945
2845568
2853261
2853470
2856765
2865897
2868252
2870331
2882210
2883524
2884765
2886342
2893160
2895279
2896076
2896687
2896843
2901159
2908131
2909168
2910498
2911653
2912599
2920643
2931750
2934773
2944958
2945060
2945432
2946282
2950504
2953948
2958208
2958286
2961339
2968628
2969459
2970201
2970466
2971188
2972094
2972310
2976011
2978939
2981678
2984620
2988722
2991609
2994343
2999722
3002327
3002796
3008016
3008412
3008473
3008640
3016628
3031496
3033002
3038747
3042009
3047311
3051357
3054264
3057966
3067732
3071494
3078592
3176220
3182649
3183672
3184907
3199996
3202980
3206355
3241861
3246094
3255043
3257245
3266872
3271710
3282398
3287600
3311383
3312341
3324925
3327992
3342334
3349129
3365768
3375259
3376589
3376986
3386051
3410126
3419124
3421439
3425995
3434499
3435187
3448928
3473117
3479656
3483223
3489555
3491112
3495911
3497266
3614037
3627926
3630271
3630508
3654499
3654624
3657424
3662361
3685422
3691688
3877576
3885809
3890403
3900856
3903025
3903520
3916453
3920410
3931735
3938579
4051551
4052599
4059125
4061016
4067471
4079420
4082727
4085246
4087653
4088226
4092146
4092534
4093437
4093952
4108596
4109017
4118588
4121446
4123811
4133092
4865435
4866278
4866296
4868392
4878215
4881150
4883765
4895260
4914621
4916714
4934188
4947855
4949553
4950599
4952821
4959906
4963458
4970629
4978309
5014451
5288657
5293767
5307290
5308343
5310271
5321377
5330917
5345476
5350498
5367132
5544645
5566152
5575559
5576644
5591557
5594116
5596437
5618903
5627201
5631261
5809041
5812372
5813080
5819244
5832385
5836288
5872583
5875407
5890884
5893253
5915009
5916321
5918145
5923843
5933368
5939945
5941236
5956452
5961554
5967301
5990928
6001738
6015350
6015750
6016940
6028372
6041051
6045144
6051500
6069099
6513466
6522964
6526564
6532094
6532572
6547952
6552769
6563691
6588405
6594254
6865632
6866662
6876574
6880838
6886032
6890007
6893703
6902691
6934561
6938876
8206623
8208039
8210493
8231135
8235766
8236178
8239167
8246845
8250513
8265146
8279827
8290610
8292144
8306357
8317028
8317934
8321379
8328723
8333731
8354401
8721209
8722917
8728399
8739753
8746002
8751378
8758744
8786515
8789261
8790890