53
53
196
236
322
419
475
488
710
810
937
991
1014
1057
1160
1164
1188
1213
1218
1303
1345
1355
1395
1416
1431
1444
1445
1538
1543
1615
1646
1654
1679
1692
1823
1972
1975
2003
2032
2044
2083
2135
2141
2174
2215
2285
2313
2322
2325
2345
2376
2444
2494
2548
2632
2635
2654
2660
2744
2763
2768
3023
3042
3080
3169
3191
3226
3275
3294
3347
3405
3442
3513
3693
3734
3795
3821
3848
3870
3893
3933
4013
4038
4075
4226
4415
4436
4437
4456
4457
4494
4513
4628
4655
4753
4772
4774
4787
4791
4794
4811
4951
4966
4978
4979
5036
5042
5108
5127
5205
5251
5274
5400
5405
5428
5591
5602
5605
5641
5682
5706
5711
5725
5729
5781
5792
5866
5933
5963
6019
6073
6234
6266
6282
6337
6404
6427
6731
6759
6764
6793
7020
7035
7038
7094
7122
7136
7162
7275
7280
7297
7373
7449
7463
7510
7589
7595
7624
7669
7670
7702
7752
7790
7805
7805
7890
7950
7966
8001
8064
8106
8114
8139
8286
8311
8325
8338
8467
8490
8524
8532
8602
8648
8697
8710
8734
8767
8781
8863
8928
9066
9225
9297
9385
9421
9443
9518
9559
9565
9734
9770
9817
9824
9869
9874
9942
9972
10042
10058
10181
10283
10335
10487
10512
10515
10516
10570
10731
10811
10905
10986
11069
11101
11106
11130
11134
11223
11277
11330
11402
11469
11636
11642
11690
11800
11928
11981
11995
12027
12046
12073
12195
12221
12244
12330
12353
12391
12457
12510
12515
12562
12821
12889
13026
13091
13130
13137
13139
13147
13162
13189
13271
13319
13350
13391
13416
13477
13552
13566
13780
13849
13889
13931
13965
14054
14057
14232
14263
14282
14298
14352
14460
14507
14553
14629
14689
14789
14839
14940
14958
14991
15031
15037
15122
15336
15345
15367
15406
15429
15434
15490
15504
15521
15608
15612
15636
15646
15712
15807
15886
15907
15942
15998
16042
16255
16291
16314
16468
16476
16481
16513
16522
16539
16593
16634
16656
16697
16792
16793
16798
16851
16865
16899
16926
17047
17133
17148
17211
17294
17302
17304
17318
17331
17340
17398
17521
17572
17582
17639
17662
17755
17764
17778
17908
17924
18047
18121
18133
18155
18166
18185
18221
18259
18290
18290
18324
18425
18474
18511
18614
18625
18631
18676
18680
18686
18739
18797
18863
18894
19075
19076
19115
19174
19193
19239
19274
19275
19306
19399
19428
19488
19556
19576
19648
19699
19755
19811
19837
19838
19857
19867
19920
20008
20020
20099
20101
20164
20170
20255
20272
20279
20299
20341
20351
20382
20429
20558
20612
20726
20731
20784
20857
20925
20997
21009
21100
21100
21162
21189
21272
21296
21360
21388
21416
21427
21509
21518
21643
21668
21707
21745
21791
21855
21894
21900
22020
22025
22032
22113
22129
22138
22183
22207
22408
22450
22527
22602
22619
22639
22657
22723
22744
22771
22777
22791
22831
22862
22866
22909
23089
23094
23171
23207
23249
23287
23339
23408
23417
23490
23505
23541
23567
23611
23652
23664
23714
23722
23725
23845
23895
23925
23933
23948
24081
24086
24169
24195
24275
24354
24385
24442
24459
24483
24539
24557
24577
24617
24679
24681
24775
24782
24820
24822
24835
24842
24996
25001
25065
25075
25097
25112
25146
25171
25179
25220
25359
25360
25453
25523
25563
25612
25619
25644
25809
25818
25860
25954
25978
25987
26030
26175
26255
26261
26298
26396
26405
26444
26521
26554
26572
26641
26642
26705
26711
26717
26743
26810
26849
26851
26883
26928
26999
27094
27170
27458
27529
27623
27629
27644
27711
27738
27740
27959
27973
27985
28009
28021
28023
28056
28063
28288
28348
28415
28470
28516
28624
28681
28736
28745
28802
28984
28995
29064
29128
29150
29187
29221
29244
29298
29442
29519
29543
29559
29631
29725
29776
29796
29940
29999
30043
30126
30181
30305
30357
30434
30492
30501
30531
30552
30671
30707
30856
30861
30974
31024
31045
31051
31206
31211
31414
31571
31613
31626
31851
31887
31946
32072
32095
32099
32184
32221
32369
32534
32536
32846
32922
32983
32993
33064
33213
33313
33386
33433
33445
33551
33594
33611
33617
33820
33832
33865
33900
34133
34194
34206
34213
34223
34391
34447
34471
34584
34627
34628
34710
34719
34763
34867
34877
34927
34933
34934
35000
35181
35192
35212
35375
35449
35516
35536
35592
35598
35610
35610
35718
35828
35928
35963
36016
36071
36086
36196
36220
36267
36325
36332
36392
36540
36543
36547
36561
36576
36591
36662
36685
36783
36866
36902
36926
36963
36989
37083
37093
37149
37185
37193
37244
37267
37270
37317
37365
37394
37423
37442
37447
37473
37476
37479
37480
37508
37688
37716
37725
37859
37967
38027
38145
38201
38260
38260
38279
38285
38546
38685
38696
38764
38799
38838
38878
38891
38925
39000
39063
39132
39193
39227
39285
39328
39346
39422
39461
39572
39660
39692
39730
39768
39904
39915
39963
39978
40001
40040
40143
40146
40176
40237
40282
40362
40391
40422
40454
40475
40502
40531
40599
40631
40647
40723
40818
40824
40828
40842
40856
41018
41095
41134
41151
41286
41309
41334
41336
41345
41352
41378
41481
41531
41540
41612
41818
41829
41870
41883
41923
41941
42082
42086
42161
42163
42303
42415
42529
42647
42691
42774
42826
42895
42903
42925
42978
42999
43014
43062
43074
43103
43112
43142
43158
43199
43309
43312
43430
43495
43557
43595
43673
43776
43777
43827
43836
43887
43893
43951
43977
43981
44048
44149
44183
44233
44298
44389
44397
44401
44528
44545
44558
44563
44578
44610
44626
44627
44642
44798
44816
44827
44849
44886
44893
44914
44952
44959
44989
45016
45022
45255
45290
45327
45342
45372
45410
45479
45502
45536
45557
45572
45656
45665
45684
45688
45693
45714
45825
46054
46093
46141
46154
46171
46182
46209
46233
46298
46322
46334
46384
46464
46517
46607
46752
46767
46767
46844
46854
46938
46979
46989
47020
47138
47197
47261
47389
47406
47429
47482
47505
47509
47520
47559
47624
47642
47696
47766
47799
47969
48007
48133
48274
48318
48318
48350
48407
48557
48586
48589
48717
48728
48741
48742
48772
48836
48864
48934
48934
49051
49065
49071
49123
49146
49290
49323
49324
49326
49344
49350
49353
49473
49552
49553
49558
49670
49760
49769
49784
49825
49852
49980
49981
50041
50055
50091
50177
50182
50252
50286
50322
50332
50394
50414
50415
50457
50504
50589
50643
50687
50697
50707
50718
50759
50793
50861
51094
51114
51163
51173
51355
51389
51496
51658
51744
52047
52098
52145
52157
52167
52186
52289
52298
52339
52378
52393
52421
52432
52586
52600
52610
52622
52644
52686
52733
52760
52785
52808
52944
52961
53000
53087
53090
53125
53145
53260
53370
53489
53504
53555
53723
53752
53811
53885
53901
53905
53920
53959
54009
54030
54030
54053
54104
54211
54336
54377
54386
54390
54402
54439
54520
54616
54630
54662
54669
54700
54723
54741
54764
54834
54899
54920
55020
55049
55050
55154
55186
55250
55283
55347
55353
55356
55383
55461
55475
55540
55621
55667
55706
55739
55774
55827
55830
55884
55932
55997
56105
56111
56115
56188
56407
56434
56487
56528
56601
56621
56654
56779
56797
56893
56943
56987
57044
57124
57213
57361
57378
57423
57430
57477
57552
57583
57699
57731
57868
57879
57894
57906
57907
57954
57956
57972
58029
58057
58076
58178
58307
58500
58590
58689
58720
58778
58879
58946
58997
59103
59110
59244
59283
59337
59407
59528
59579
59642
59685
59879
59880
59883
59889
59931
60002
60031
60036
60081
60190
60196
60201
60244
60301
60321
60323
60339
60358
60400
60492
60531
60560
60666
60830
60887
60910
60986
61070
61140
61153
61169
61191
61278
61343
61419
61476
61495
61501
61661
61703
61737
61737
61914
62004
62015
62016
62058
62084
62196
62312
62372
62409
62460
62489
62505
62587
62590
62602
62708
62809
62845
62846
62899
62913
62939
62990
63012
63125
63240
63364
63393
63454
63469
63547
63617
63656
63672
63692
63716
63720
63748
63803
63837
63942
63971
64067
64071
64147
64231
64235
64348
64391
64396
64403
64411
64442
64482
64518
64575
64581
64731
64909
64953
64974
65062
65139
65163
65218
65247
65248
65255
65259
65304
65360
65365
65394
65425
65428
65446
65533
65585
65673
65811
65853
65951
65996
66032
66142
66152
66156
66165
66317
66358
66495
66553
66564
66568
66646
66657
66663
66783
66806
66907
66924
66968
67024
67029
67099
67209
67223
67277
67352
67356
67362
67427
67465
67472
67525
67577
67577
67602
67633
67720
67772
67906
67917
67948
68041
68107
68130
68283
68292
68346
68495
68509
68611
68708
68823
68840
68858
68939
68940
68967
68985
69025
69055
69070
69109
69126
69188
69199
69215
69226
69253
69256
69275
69282
69438
69439
69440
69463
69531
69701
69716
69718
69734
69752
69931
69968
69972
70009
70062
70079
70101
70178
70198
70215
70263
70282
70300
70325
70334
70334
70387
70455
70487
70639
70675
70731
70732
70764
70851
70904
71039
71081
71085
71121
71151
71166
71175
71210
71266
71294
71355
71377
71405
71482
71515
71544
71545
71623
71625
71659
71676
71721
71736
71740
71779
71828
71864
71890
71949
71971
72026
72133
72184
72189
72201
72319
72352
72382
72785
72795
72884
72900
72903
72937
72961
72995
73016
73017
73025
73129
73175
73193
73199
73259
73312
73314
73332
73391
73407
73435
73439
73479
73521
73534
73542
73550
73576
73585
73615
73643
73663
73718
73764
73821
73908
74021
74051
74062
74162
74332
74365
74388
74411
74418
74667
74832
74873
74895
74937
74986
74993
75045
75111
75128
75152
75297
75313
75369
75490
75527
75561
75629
75645
75678
75747
75761
75810
75812
75883
75906
75959
76045
76072
76102
76203
76265
76294
76436
76460
76470
76487
76546
76561
76613
76624
76681
76705
76877
76928
77039
77105
77129
77263
77269
77324
77475
77527
77578
77716
77719
77882
77907
77919
77984
77997
78101
78489
78514
78520
78645
78646
78817
78948
79038
79082
79105
79117
79197
79340
79365
79404
79405
79412
79450
79452
79504
79528
79532
79533
79584
79612
79657
79778
79783
79891
80144
80145
80145
80145
80157
80183
80245
80326
80334
80344
80440
80496
80500
80508
80575
80637
80647
80661
80902
81011
81056
81058
81065
81171
81183
81209
81223
81256
81265
81299
81320
81333
81388
81430
81482
81508
81528
81575
81761
81767
81853
81859
81904
81950
82080
82098
82128
82205
82240
82441
82444
82483
82562
82817
82827
82863
82924
83065
83108
83156
83250
83330
83458
83600
83639
83753
83920
83959
84137
84234
84395
84399
84407
84438
84552
84630
84702
84726
84764
84786
84962
85100
85107
85121
85146
85306
85429
85448
85470
85588
85672
85701
85814
85858
85888
85901
85945
85967
85973
86100
86142
86186
86361
86417
86507
86536
86544
86606
86716
86725
86792
86842
86851
86894
86979
87061
87075
87077
87082
87221
87240
87284
87292
87302
87371
87374
87380
87401
87441
87455
87456
87472
87552
87667
87671
87732
87741
87750
87843
87984
88197
91571
91648
95238
95844
96085
97154
97583
97686
99161
99768
101001
104203
104966
105807
105969
107176
107290
107574
108601
110709
111856
114301
115979
116740
116788
117756
118411
119288
120025
120140
120427
121099
121172
121900
123218
123942
124132
125309
126604
127108
129147
130423
139633
140890
141120
143349
143562
146891
149283
152309
152775
154605
161662
163352
164173
167096
169073
170816
170905
171827
175928
180378
183685
184652
191688
195754
198369
213858
216342
216592
217296
218200
222323
223471
223926
226631
226851
228383
231548
234850
237986
239524
246604
248113
249851
259797
262345
263043
263546
270296
270456
279320
296531
298340
306445
313334
329253
334998
337673
341213
346604
354306
356716
357718
358488
358902
366995
369230
383020
386811
388042
392721
394731
394953
396324
403720
412129
414912
415970
432783
438873
440688
442078
453892
454356
455166
459099
478301
492553
497217
503964
517232
517923
518689
519456
526978
527613
545899
554113
556061
562630
583763
587456
591349
602590
623291
624896
720438
779879
799493
872004
885767
932215
940553
963483
975972
976871
978086
988364
988389
992163
993610
1001724
1004001
1005823
1012535
1014134
1018212
1019270
1025595
1038070
1039817
1045547
1049898
1054465
1171210
1209218
1264392
1304301
1320314
1330101
1334643
1407658
1452328
1470356
1501641
1542768
1618002
1629234
1694275
1712633
1714513
1728628
1732341
1750129
1795368
1798474
1876949
1899384
1936285
1955404
1977840
2009229
2033548
2037084
2135032
2146989
2475753
2517973
2557416
2559564
2564477
2575166
2582728
2612099
2714354
2727344
2755915
2767578
2791798
2794855
2854619
2856203
2880671
2903399
2911951
2913881
2919624
2932905
2942796
2949956
3015226
3028248
3056384
3078241
3185987
3213953
3256502
3266998
3346753
3388375
3433320
3502177
3690585
3692051
3927283
3944189
4074583
4082425
4086352
4115015
4897779
4902258
4956818
4957876
5308777
5311716
5552991
5625307
5858406
5890488
5922476
5955423
5984410
6016796
6555722
6559282
6872843
6894403
8267225
8270405
8283868
8298367
8770767
8790040