1
12
12
33
87
129
155
178
206
231
262
263
409
612
620
641
678
746
766
804
811
856
865
870
894
898
939
949
972
1020
1035
1175
1249
1323
1372
1385
1401
1448
1530
1572
1600
1605
1609
1644
1674
1677
1723
1734
1739
1797
1799
1809
1811
1823
1824
1828
1838
1847
1931
1950
2045
2062
2067
2094
2178
2196
2201
2210
2277
2277
2282
2435
2437
2439
2480
2511
2538
2590
2605
2702
2734
2767
2801
2822
2850
2921
2933
2939
2949
2966
2967
2972
2988
2996
3014
3048
3078
3130
3263
3269
3297
3328
3351
3438
3441
3466
3473
3484
3565
3578
3587
3606
3620
3634
3737
3742
3776
3804
3835
3867
3898
3961
3981
4027
4086
4176
4204
4211
4214
4243
4247
4262
4306
4423
4457
4476
4563
4585
4609
4633
4647
4687
4710
4784
4859
4864
4880
4894
4913
4955
5001
5020
5124
5126
5165
5182
5196
5238
5372
5382
5386
5392
5394
5403
5408
5409
5420
5478
5490
5606
5633
5672
5720
5720
5763
5811
5816
5894
5928
5935
5964
5970
6000
6029
6054
6075
6080
6080
6081
6100
6115
6133
6134
6156
6163
6252
6312
6327
6351
6377
6384
6423
6450
6467
6499
6524
6550
6555
6559
6598
6669
6694
6731
6751
6783
6810
6828
6869
7009
7100
7107
7140
7230
7310
7365
7380
7385
7483
7502
7540
7593
7647
7648
7652
7774
7791
7796
7808
7840
7890
7901
7944
7948
7968
7970
8004
8112
8113
8139
8162
8175
8202
8211
8229
8304
8311
8360
8362
8423
8545
8574
8579
8667
8694
8710
8739
8766
8772
8774
8872
8879
8906
8971
8978
9020
9071
9199
9256
9264
9273
9277
9280
9340
9341
9351
9385
9472
9484
9500
9549
9572
9586
9669
9695
9771
9876
9961
10002
10011
10017
10099
10111
10166
10215
10263
10264
10274
10318
10333
10406
10466
10532
10593
10608
10637
10684
10714
10768
10785
10801
10817
10817
10825
10830
10879
10914
10928
10937
11058
11068
11093
11110
11147
11206
11255
11284
11448
11501
11505
11537
11559
11637
11663
11665
11756
11793
11811
11840
11880
11895
11932
11989
12075
12078
12096
12122
12207
12261
12281
12361
12385
12440
12455
12480
12482
12491
12501
12559
12607
12657
12694
12696
12706
12715
12715
12717
12784
12784
12804
12915
12980
13001
13036
13085
13112
13126
13166
13253
13277
13280
13323
13354
13390
13428
13450
13470
13513
13594
13605
13638
13665
13772
13793
13796
13916
13919
13978
14054
14079
14128
14160
14169
14212
14213
14268
14282
14299
14327
14475
14477
14483
14536
14541
14589
14610
14637
14670
14681
14696
14711
14770
14792
14802
14804
14807
14884
14912
14931
15014
15019
15048
15094
15190
15196
15289
15302
15401
15411
15462
15463
15561
15562
15569
15632
15688
15698
15792
15828
15885
15894
15897
15912
15920
15952
15964
15970
15980
16038
16041
16112
16129
16142
16145
16157
16187
16197
16214
16236
16279
16326
16349
16350
16390
16471
16543
16672
16704
16706
16792
16844
16870
16894
16929
16933
16958
16988
17037
17062
17111
17134
17136
17146
17194
17208
17390
17394
17400
17521
17568
17572
17591
17660
17694
17714
17741
17747
17769
17821
17825
17835
17840
17841
17856
17910
17943
17984
17990
18007
18074
18087
18099
18199
18208
18214
18261
18483
18499
18528
18554
18558
18579
18617
18636
18648
18665
18701
18734
18758
18763
18768
18837
18886
18910
18931
18972
18973
18998
19016
19069
19097
19109
19120
19133
19160
19189
19219
19240
19294
19321
19346
19346
19477
19490
19577
19604
19624
19624
19637
19690
19745
19745
19746
19757
19804
19811
19821
19828
19842
19850
19859
19881
19899
19905
19923
19943
20012
20037
20120
20160
20301
20322
20346
20369
20386
20404
20476
20501
20524
20530
20533
20558
20611
20620
20657
20664
20667
20752
20824
20903
20940
20954
20965
21026
21078
21176
21199
21243
21244
21268
21311
21495
21522
21596
21637
21651
21667
21704
21711
21769
21804
21811
21818
21833
21935
21938
21969
21986
22007
22104
22104
22116
22214
22230
22230
22236
22268
22295
22306
22309
22321
22326
22334
22338
22401
22401
22461
22474
22487
22611
22631
22648
22651
22661
22662
22677
22683
22707
22711
22712
22730
22742
22770
22927
22952
22988
23085
23114
23121
23129
23170
23207
23212
23253
23255
23278
23357
23410
23448
23466
23503
23520
23557
23609
23609
23636
23645
23663
23680
23689
23737
23738
23775
23896
23909
23910
24023
24047
24048
24085
24167
24214
24291
24335
24341
24341
24392
24471
24483
24545
24582
24590
24611
24612
24664
24735
24789
24863
24914
24945
24965
25058
25120
25165
25179
25196
25209
25235
25295
25364
25364
25374
25448
25500
25509
25553
25567
25577
25619
25726
25833
25848
25853
25951
26012
26072
26102
26127
26160
26183
26244
26270
26278
26346
26381
26411
26532
26570
26615
26634
26662
26673
26686
26702
26728
26745
26842
26866
26866
26882
26901
26943
27039
27046
27105
27119
27134
27143
27167
27178
27236
27239
27280
27321
27411
27430
27446
27482
27497
27539
27614
27616
27649
27680
27698
27726
27740
27815
27854
27855
27886
27890
27925
27938
27965
28067
28071
28102
28118
28120
28236
28255
28298
28413
28454
28518
28534
28609
28619
28623
28637
28670
28698
28705
28706
28711
28738
28747
28759
28921
28931
28940
28951
28953
28987
29026
29026
29077
29101
29115
29129
29152
29195
29237
29246
29332
29353
29442
29460
29529
29562
29573
29610
29654
29671
29762
29780
29795
29833
29923
29948
30058
30093
30169
30202
30259
30291
30345
30378
30408
30436
30499
30574
30588
30618
30618
30638
30674
30745
30787
30795
30827
30828
30879
30901
30926
30935
31011
31065
31081
31095
31182
31203
31243
31247
31350
31430
31430
31444
31457
31469
31511
31547
31549
31552
31596
31597
31643
31658
31686
31712
31763
31765
31794
31796
31860
31867
31902
31908
31914
32020
32096
32182
32201
32207
32209
32231
32256
32266
32283
32336
32384
32396
32479
32499
32519
32649
32692
32722
32739
32776
32788
32811
32926
32931
32947
33003
33018
33062
33161
33186
33208
33280
33290
33353
33384
33386
33472
33574
33582
33588
33607
33663
33696
33751
33753
33765
33822
33854
33927
33945
33967
34018
34121
34123
34155
34176
34207
34226
34233
34235
34269
34291
34321
34323
34423
34448
34583
34600
34690
34715
34719
34796
34809
34823
34840
34851
34860
34892
34894
35044
35049
35055
35058
35087
35119
35247
35247
35259
35359
35394
35403
35549
35549
35570
35604
35621
35623
35640
35656
35706
35759
35778
35833
35833
35841
35910
35938
35959
35965
35975
35991
35997
36022
36048
36050
36060
36203
36205
36250
36253
36319
36351
36432
36472
36494
36515
36519
36525
36560
36582
36635
36654
36711
36713
36727
36737
36790
36890
36960
36977
36981
36988
37040
37043
37101
37115
37182
37229
37239
37246
37270
37280
37336
37374
37379
37436
37438
37442
37531
37545
37565
37627
37680
37705
37716
37794
37825
37863
37875
37896
37909
37968
37980
37982
38034
38130
38271
38319
38376
38544
38545
38548
38590
38607
38644
38694
38784
38829
38894
38963
38973
38974
39033
39077
39122
39128
39134
39140
39149
39223
39232
39239
39243
39244
39270
39282
39309
39337
39361
39368
39370
39414
39511
39516
39579
39650
39743
39809
39809
39887
39899
39912
39927
39963
39969
40002
40049
40099
40122
40217
40224
40234
40248
40310
40312
40354
40377
40380
40421
40425
40582
40586
40615
40632
40657
40706
40740
40816
40832
40851
40872
41094
41115
41143
41247
41304
41358
41373
41390
41395
41446
41471
41532
41556
41631
41645
41651
41669
41702
41720
41722
41740
41900
41981
42005
42021
42066
42066
42085
42092
42135
42214
42218
42237
42319
42351
42354
42445
42554
42564
42622
42649
42661
42672
42676
42686
42709
42731
42736
42741
42806
42853
42860
42877
42950
42955
42989
43010
43050
43050
43122
43141
43146
43214
43221
43240
43267
43329
43332
43342
43394
43400
43415
43486
43505
43611
43622
43642
43643
43661
43681
43709
43725
43786
43805
43840
43851
43852
43885
43905
43945
44066
44087
44147
44159
44208
44260
44263
44278
44303
44409
44442
44442
44448
44491
44594
44621
44713
44749
44778
44785
44812
44813
44820
44875
44882
44893
44905
44968
45077
45109
45112
45151
45200
45232
45254
45316
45358
45393
45476
45517
45527
45550
45566
45593
45596
45598
45644
45655
45712
45713
45717
45744
45850
45966
46056
46076
46117
46117
46136
46142
46194
46230
46238
46321
46330
46331
46349
46397
46408
46453
46466
46517
46528
46578
46596
46614
46619
46641
46671
46682
46689
46695
46696
46715
46719
46720
46722
46740
46758
46829
46877
46895
46898
46902
46920
47046
47061
47097
47135
47267
47364
47369
47373
47394
47464
47697
47780
47848
47852
47864
47921
48014
48106
48110
48205
48240
48305
48338
48352
48374
48413
48422
48425
48426
48436
48454
48482
48532
48549
48567
48583
48599
48628
48663
48706
48818
48818
48823
48848
48850
48902
48919
48956
48977
49001
49005
49130
49172
49176
49228
49246
49284
49313
49350
49353
49364
49366
49393
49401
49458
49699
49807
49849
49957
49959
49981
49982
49989
50012
50031
50048
50055
50097
50118
50158
50166
50232
50258
50269
50273
50278
50320
50352
50394
50405
50451
50464
50564
50576
50619
50640
50674
50700
50798
50818
50835
50848
50878
50981
50985
50999
51053
51078
51115
51118
51129
51158
51228
51234
51308
51346
51357
51405
51495
51530
51548
51579
51596
51666
51692
51711
51714
51715
51760
51769
51862
51962
51966
52021
52057
52078
52105
52115
52119
52157
52169
52188
52245
52291
52316
52375
52403
52409
52432
52438
52546
52598
52601
52636
52663
52719
52722
52830
52834
52884
52913
52914
52960
53025
53031
53061
53096
53197
53197
53204
53205
53248
53264
53308
53321
53338
53417
53454
53493
53515
53576
53577
53680
53713
53743
53775
53783
53818
53839
53857
53901
53936
53956
53961
53982
53983
53985
53985
54070
54114
54248
54256
54301
54302
54332
54380
54420
54467
54495
54497
54534
54592
54637
54646
54659
54804
54809
54812
54868
54888
54890
54901
54954
54975
55025
55028
55064
55095
55101
55177
55188
55193
55229
55244
55283
55296
55315
55374
55376
55433
55439
55477
55484
55491
55491
55496
55564
55567
55586
55671
55700
55702
55738
55756
55772
55779
55902
55991
56012
56050
56057
56070
56071
56090
56094
56097
56140
56154
56171
56185
56218
56274
56311
56353
56387
56430
56446
56469
56486
56534
56594
56647
56656
56712
56766
56775
56799
56813
56864
56867
56889
57057
57062
57106
57134
57143
57155
57192
57192
57308
57318
57366
57401
57463
57521
57524
57543
57585
57690
57705
57735
57780
57799
57845
57869
57878
57962
57968
57987
58046
58056
58072
58109
58125
58128
58140
58235
58305
58308
58350
58467
58561
58562
58629
58639
58683
58695
58716
58741
58762
58780
58812
58861
58911
58987
59001
59072
59078
59078
59141
59151
59178
59190
59239
59305
59434
59475
59479
59496
59502
59513
59630
59732
59762
59766
59827
59872
60018
60076
60128
60133
60153
60156
60169
60227
60235
60253
60255
60272
60284
60314
60365
60487
60579
60638
60674
60778
60803
60805
60806
60824
60833
60882
60936
60943
60954
60964
60994
61061
61215
61219
61263
61269
61290
61353
61438
61466
61521
61553
61553
61648
61669
61692
61694
61723
61765
61770
61787
61796
61799
61821
61867
61911
61947
62058
62073
62140
62143
62232
62282
62288
62310
62313
62314
62352
62362
62373
62416
62418
62525
62528
62566
62600
62727
62844
62863
63010
63020
63062
63080
63084
63111
63127
63131
63133
63165
63188
63360
63397
63443
63555
63559
63568
63615
63636
63683
63714
63751
63770
63786
63869
63881
63924
63926
63987
64052
64075
64104
64168
64170
64174
64205
64292
64306
64312
64331
64343
64350
64360
64379
64386
64392
64448
64511
64528
64534
64556
64602
64652
64655
64662
64710
64733
64754
64781
64802
64817
64825
64850
64884
64895
64977
64982
64983
65021
65052
65065
65081
65088
65107
65155
65167
65225
65233
65254
65266
65306
65310
65367
65373
65436
65463
65465
65469
65476
65521
65544
65627
65639
65649
65694
65702
65719
65775
65803
65823
65829
65830
65897
65900
65906
65924
65929
65941
65977
65987
66035
66058
66201
66219
66235
66250
66259
66338
66358
66362
66372
66372
66392
66399
66403
66413
66437
66440
66441
66447
66530
66553
66592
66599
66605
66620
66639
66691
66782
66783
66837
66911
66913
67047
67072
67081
67099
67114
67129
67143
67147
67172
67229
67260
67271
67297
67337
67353
67365
67439
67451
67486
67528
67533
67534
67541
67702
67715
67827
67853
67895
67963
67968
67968
67972
67979
68019
68044
68332
68332
68369
68375
68375
68385
68397
68422
68457
68471
68518
68526
68675
68693
68696
68717
68798
68799
68843
68850
68868
68888
68950
69051
69235
69266
69367
69388
69389
69433
69531
69540
69564
69648
69678
69682
69787
69796
69866
69907
69909
69947
69978
69999
70105
70180
70233
70287
70318
70346
70359
70384
70400
70409
70476
70532
70535
70658
70692
70719
70720
70732
70777
70784
70787
70797
70845
70859
70882
70886
70902
70951
70961
70964
70980
70984
70994
71014
71060
71070
71118
71133
71145
71196
71273
71287
71289
71402
71404
71415
71428
71454
71583
71584
71662
71677
71682
71753
71771
71788
71837
71849
71906
71974
72053
72162
72257
72292
72323
72336
72341
72346
72378
72456
72472
72489
72615
72632
72652
72698
72735
72736
72772
72781
72794
72834
72861
72862
72963
73027
73074
73119
73135
73174
73176
73230
73247
73291
73332
73391
73398
73508
73579
73591
73683
73769
73771
73807
73829
73849
73893
73929
73990
73999
74001
74051
74072
74160
74248
74279
74287
74295
74344
74369
74373
74393
74421
74442
74450
74492
74509
74535
74589
74597
74614
74621
74631
74639
74642
74726
74761
74782
74789
74826
74862
74887
74923
74947
74977
75007
75024
75032
75149
75214
75217
75234
75304
75307
75362
75372
75406
75412
75417
75438
75470
75496
75575
75598
75610
75616
75617
75640
75701
75722
75723
75773
75780
75814
75878
75901
75933
75934
75976
76067
76124
76171
76282
76378
76405
76415
76449
76454
76471
76486
76492
76509
76511
76529
76569
76612
76626
76641
76685
76699
76712
76717
76745
76759
76768
76825
76873
76892
76945
77011
77017
77030
77152
77218
77226
77423
77438
77445
77517
77560
77569
77577
77623
77727
77767
77895
77947
77959
77982
77991
78012
78022
78031
78087
78125
78222
78230
78240
78261
78267
78278
78326
78360
78413
78455
78536
78586
78622
78636
78669
78689
78715
78802
78803
78839
78853
78917
78953
78957
78957
78973
79014
79025
79041
79062
79101
79146
79176
79202
79212
79217
79266
79298
79301
79307
79421
79429
79430
79436
79462
79475
79504
79538
79554
79558
79566
79580
79587
79646
79700
79720
79752
79755
79814
79833
79861
79898
79914
79917
79970
79984
79984
80046
80057
80063
80108
80110
80112
80143
80214
80224
80228
80261
80321
80324
80326
80379
80404
80405
80425
80426
80499
80532
80554
80639
80666
80677
80717
80720
80732
80771
80777
80803
80821
80826
80829
80890
80902
80904
80913
81005
81011
81028
81029
81113
81150
81163
81177
81222
81256
81272
81284
81292
81302
81336
81391
81398
81440
81611
81625
81637
81696
81726
81742
81791
81904
81921
81939
81950
81964
81972
81982
81995
82018
82026
82082
82096
82175
82188
82214
82319
82328
82335
82383
82392
82403
82445
82535
82546
82558
82582
82583
82651
82664
82669
82696
82707
82728
82732
82754
82773
82810
82840
82868
82940
82983
83004
83020
83044
83070
83115
83207
83262
83274
83291
83319
83337
83366
83485
83548
83578
83631
83764
83784
83787
83817
83835
83846
83875
83899
83967
84057
84086
84097
84112
84138
84315
84326
84360
84382
84383
84403
84456
84480
84521
84542
84547
84564
84578
84638
84695
84741
84748
84770
84792
84872
84912
84949
84956
84963
85015
85034
85062
85088
85152
85189
85269
85280
85281
85302
85326
85332
85652
85659
85694
85804
85836
85956
86020
86077
86128
86148
86153
86164
86226
86247
86252
86282
86314
86324
86344
86379
86445
86489
86550
86572
86586
86616
86627
86635
86648
86684
86709
86714
86716
86805
86811
86814
86819
86825
86875
86888
86890
86924
86940
86992
87031
87069
87081
87102
87125
87159
87255
87307
87337
87350
87363
87442
87446
87492
87511
87517
87527
87531
87551
87601
87626
87631
87737
87741
87894
87928
88253
88960
89626
89983
92929
93896
93992
94205
98359
101211
101337
101757
102052
102719
102747
103952
104250
104567
104728
104827
105874
107910
108201
109834
109835
109900
110106
116404
116811
117791
117882
120212
120332
120781
122335
123244
125151
125887
126322
126948
129597
130116
130713
130883
131026
131131
131273
133231
134144
134796
134821
142101
142445
146429
149985
150036
151671
151855
152229
153048
153771
156044
156315
156939
158295
159537
159621
159826
161199
161462
161711
161987
162541
162572
162825
163239
163253
165085
165122
165139
166339
166789
167018
168409
168968
169114
169864
171132
171205
171246
171285
175232
175785
177700
177799
178255
179765
180992
181516
181899
182889
184881
185815
191272
204452
205788
206004
214010
215148
216223
219024
219269
220197
220310
220353
220728
221043
230555
234513
237271
238642
240838
241130
241517
241989
242952
245364
246821
249042
249132
249275
250475
255828
261212
262524
264755
269398
270411
275787
276821
281707
282899
295139
295536
308571
310843
314084
327101
328016
333349
337561
343818
349985
352522
357912
360030
361048
363453
363672
369369
375198
381111
381569
393404
394955
397701
399753
403533
405745
406431
411664
413216
414215
416578
416689
423108
425334
426011
427136
427252
427393
436558
438695
440837
442723
444075
449309
457074
464019
483705
484149
486696
487451
488040
500526
501862
503105
507772
512226
512307
513195
515308
516846
519097
519358
522384
526319
528501
528761
529730
531668
541621
549443
563789
564950
570301
592694
596513
597011
638325
666665
674958
728678
775273
786716
821822
853807
870077
892602
926019
926988
937335
960959
966243
968581
975206
976101
977358
983423
984235
988370
988824
991209
994375
996201
996449
998618
999370
1004402
1005332
1006704
1007544
1008702
1012636
1015019
1029056
1030822
1032493
1040255
1042651
1046317
1049591
1051350
1055032
1177539
1181566
1218048
1244508
1312869
1313597
1348127
1360047
1371272
1372470
1380443
1385661
1421242
1480653
1482461
1548587
1556450
1565599
1614953
1644225
1661591
1688104
1702152
1723141
1725113
1727543
1730548
1746353
1751166
1756182
1765983
1809186
1836392
1865147
1880860
1906081
1945522
1946256
1992912
1996783
1996912
2010920
2037153
2072078
2090785
2116211
2116771
2180215
2469670
2498463
2543476
2557388
2575305
2580299
2586070
2589287
2589827
2591670
2618612
2639174
2642334
2660127
2702466
2746601
2756034
2756601
2780687
2788240
2812920
2820617
2827289
2849901
2854801
2864174
2876476
2914349
2933450
2938975
2978525
2983417
2983824
2984809
2986785
2987675
3030646
3036318
3036394
3060218
3067453
3076325
3183762
3209603
3215219
3266116
3284315
3306829
3362230
3407224
3416204
3435783
3457609
3501346
3640010
3642485
3658892
3879116
3923879
3958485
4065495
4082191
4095551
4125156
4128619
4134105
4849698
4875954
4915625
4973024
4976350
4987494
5338409
5359944
5365781
5548507
5574116
5608943
5812401
5882308
5895751
5911658
5936370
5967582
5988875
6009171
6060754
6531362
6583053
6583184
6896576
6917557
6930651
8193276
8246300
8253958
8293218
8299950
8333587
8733438
8787727
8797419