11
16
33
42
45
48
51
54
65
88
90
99
109
115
130
134
141
171
184
195
210
226
228
242
254
272
294
363
400
458
473
496
497
514
532
541
564
613
626
630
637
638
641
676
746
753
807
821
825
833
858
876
903
905
939
968
979
992
997
1031
1034
1041
1064
1080
1083
1087
1091
1112
1115
1145
1147
1164
1172
1188
1195
1197
1217
1220
1224
1231
1238
1246
1246
1274
1303
1308
1312
1315
1321
1335
1358
1390
1424
1428
1470
1498
1504
1505
1520
1521
1640
1642
1649
1664
1678
1687
1691
1692
1699
1707
1716
1761
1763
1787
1836
1840
1857
1861
1869
1879
1976
1981
2010
2034
2043
2046
2057
2069
2073
2098
2110
2119
2164
2170
2175
2175
2194
2204
2207
2219
2245
2250
2284
2286
2295
2341
2359
2365
2373
2390
2392
2416
2417
2447
2457
2462
2474
2508
2509
2509
2535
2557
2575
2577
2587
2593
2605
2610
2618
2623
2628
2644
2653
2672
2687
2694
2700
2704
2724
2739
2770
2773
2790
2837
2853
2878
2879
2938
2942
2948
2954
2986
2999
3078
3111
3122
3126
3130
3144
3145
3167
3188
3194
3195
3195
3199
3228
3239
3240
3318
3321
3324
3348
3353
3380
3386
3406
3422
3454
3497
3497
3541
3569
3588
3601
3604
3606
3608
3616
3647
3691
3704
3718
3737
3761
3776
3786
3841
3842
3893
3905
3914
3916
3923
3927
3936
3938
3963
3986
3999
4018
4019
4021
4025
4028
4034
4075
4075
4079
4097
4124
4150
4162
4177
4181
4185
4186
4214
4221
4223
4274
4279
4301
4301
4307
4322
4339
4347
4354
4379
4410
4416
4422
4444
4451
4543
4563
4599
4600
4630
4630
4682
4737
4744
4773
4786
4838
4877
4878
4897
4907
4952
4969
4996
4998
4999
5035
5072
5075
5112
5135
5157
5158
5162
5195
5197
5239
5252
5258
5270
5275
5328
5334
5336
5354
5360
5362
5381
5391
5397
5412
5476
5488
5497
5528
5563
5575
5604
5610
5642
5660
5661
5676
5690
5726
5742
5749
5768
5779
5801
5865
5888
5900
5907
5910
5945
5952
5978
5994
5999
6026
6050
6053
6063
6099
6110
6117
6121
6161
6188
6210
6219
6221
6229
6248
6264
6277
6279
6286
6301
6302
6313
6322
6325
6327
6327
6359
6362
6386
6475
6483
6501
6512
6530
6553
6556
6576
6578
6583
6599
6602
6627
6672
6675
6676
6684
6684
6703
6705
6710
6715
6740
6742
6746
6757
6779
6784
6813
6817
6835
6856
6869
6878
6890
6901
6927
6943
6953
6961
6963
6988
7015
7038
7055
7061
7066
7084
7085
7086
7130
7177
7217
7221
7227
7243
7267
7276
7289
7294
7303
7304
7338
7353
7359
7372
7375
7464
7474
7519
7557
7559
7570
7601
7622
7625
7647
7664
7683
7698
7710
7714
7716
7717
7728
7737
7750
7775
7802
7807
7814
7878
7885
7885
7904
7925
7928
7950
7961
7979
8028
8041
8095
8105
8115
8115
8118
8158
8198
8234
8246
8249
8286
8290
8293
8336
8349
8360
8361
8375
8399
8412
8417
8421
8443
8448
8479
8498
8531
8545
8560
8567
8604
8638
8670
8675
8706
8706
8718
8723
8729
8741
8770
8772
8792
8809
8814
8816
8816
8843
8868
8872
8896
8918
8962
8972
8973
8992
9003
9008
9060
9094
9104
9112
9126
9140
9143
9161
9207
9229
9229
9232
9256
9257
9295
9323
9329
9351
9353
9356
9368
9392
9402
9403
9418
9420
9429
9448
9453
9460
9483
9488
9490
9494
9496
9517
9524
9534
9536
9603
9607
9613
9624
9631
9672
9677
9678
9681
9683
9727
9751
9756
9775
9783
9800
9810
9816
9844
9856
9874
9915
9932
9964
9987
10010
10030
10043
10070
10074
10093
10101
10104
10119
10133
10148
10166
10166
10217
10235
10266
10299
10315
10319
10339
10352
10355
10380
10395
10419
10428
10454
10509
10513
10523
10558
10568
10577
10582
10583
10594
10601
10605
10613
10618
10693
10705
10715
10722
10722
10723
10734
10736
10751
10757
10761
10795
10848
10870
10881
10890
10899
10910
10911
10914
10930
10984
10988
10996
11011
11013
11017
11062
11137
11171
11182
11204
11206
11208
11209
11214
11227
11268
11271
11285
11316
11333
11348
11377
11382
11390
11406
11412
11420
11540
11546
11549
11553
11560
11583
11594
11608
11620
11630
11655
11659
11720
11762
11787
11799
11813
11829
11831
11843
11849
11852
11861
11864
11886
11898
11947
11965
11991
12030
12043
12054
12062
12086
12105
12109
12149
12149
12163
12189
12240
12246
12270
12280
12294
12325
12331
12342
12346
12373
12382
12382
12431
12436
12438
12452
12453
12468
12488
12503
12513
12516
12530
12548
12558
12578
12612
12625
12629
12631
12642
12642
12655
12674
12717
12724
12750
12764
12791
12793
12796
12823
12830
12840
12857
12870
12872
12884
12899
12901
12911
12970
12979
12982
12986
13034
13035
13086
13110
13117
13134
13145
13146
13161
13195
13266
13267
13267
13301
13309
13309
13315
13328
13328
13355
13363
13388
13413
13418
13495
13505
13536
13557
13579
13589
13600
13605
13631
13641
13665
13673
13673
13678
13706
13717
13735
13742
13750
13800
13829
13852
13865
13889
13910
13911
13917
13931
13974
14033
14035
14065
14065
14067
14071
14171
14204
14216
14235
14248
14327
14333
14333
14377
14392
14399
14402
14447
14455
14458
14470
14485
14485
14487
14501
14517
14541
14558
14591
14600
14636
14663
14678
14699
14711
14719
14722
14722
14724
14729
14747
14787
14791
14794
14813
14818
14831
14848
14852
14856
14856
14880
14913
14918
14920
14948
14957
14963
14993
14996
15076
15078
15080
15083
15093
15122
15125
15207
15207
15227
15255
15288
15299
15306
15319
15328
15345
15355
15386
15390
15400
15417
15430
15435
15446
15462
15468
15488
15493
15526
15531
15531
15532
15533
15571
15588
15614
15623
15624
15634
15668
15677
15712
15713
15725
15733
15739
15779
15804
15804
15811
15821
15829
15842
15858
15859
15867
15931
15942
15969
16025
16028
16089
16111
16143
16146
16172
16175
16183
16187
16225
16249
16280
16283
16324
16355
16403
16442
16491
16493
16506
16535
16535
16569
16578
16580
16586
16608
16679
16680
16686
16723
16744
16771
16784
16834
16881
16909
16920
17008
17018
17095
17117
17123
17144
17164
17201
17217
17231
17233
17261
17271
17300
17307
17316
17316
17316
17320
17334
17346
17367
17412
17451
17468
17483
17526
17548
17573
17580
17584
17598
17600
17619
17632
17648
17655
17671
17682
17685
17700
17707
17707
17710
17714
17750
17760
17764
17772
17790
17800
17857
17861
17876
17877
17878
17885
17896
17912
17913
17931
17982
18021
18035
18036
18076
18086
18102
18104
18114
18125
18129
18131
18146
18152
18156
18184
18185
18188
18197
18209
18211
18239
18246
18280
18312
18335
18379
18385
18387
18395
18408
18447
18480
18485
18488
18498
18517
18518
18522
18525
18526
18527
18528
18557
18588
18609
18612
18620
18661
18678
18680
18692
18703
18725
18732
18734
18745
18755
18756
18767
18768
18770
18774
18781
18820
18824
18853
18854
18865
18886
18891
18891
18897
18906
18914
18915
18943
18976
19016
19021
19031
19066
19142
19162
19171
19177
19204
19217
19239
19256
19279
19280
19285
19295
19298
19305
19320
19335
19368
19400
19425
19443
19468
19475
19480
19493
19493
19493
19495
19513
19529
19544
19555
19570
19577
19600
19612
19644
19649
19651
19670
19670
19701
19719
19724
19743
19765
19790
19795
19795
19814
19820
19841
19871
19875
19886
19963
19975
19982
19985
19995
20003
20010
20029
20031
20040
20053
20065
20067
20071
20120
20133
20149
20149
20157
20171
20178
20192
20202
20218
20219
20242
20242
20273
20309
20313
20321
20335
20342
20367
20386
20400
20414
20440
20467
20471
20477
20483
20491
20495
20509
20591
20598
20636
20645
20648
20649
20649
20658
20663
20666
20696
20711
20712
20729
20749
20776
20803
20809
20840
20866
20892
20895
20899
20907
20941
20944
20945
20966
20973
20977
20982
20990
20997
20999
21002
21011
21027
21028
21040
21073
21107
21109
21124
21145
21152
21162
21171
21183
21187
21191
21203
21215
21225
21296
21298
21318
21376
21390
21420
21430
21435
21499
21501
21506
21555
21586
21612
21635
21635
21638
21645
21646
21652
21665
21702
21705
21710
21710
21713
21715
21725
21732
21735
21765
21767
21800
21803
21806
21834
21901
21913
21914
21921
21948
21970
21997
22000
22090
22095
22108
22129
22152
22156
22160
22199
22227
22238
22251
22255
22275
22299
22299
22309
22336
22337
22338
22343
22399
22404
22422
22424
22432
22434
22436
22459
22515
22556
22604
22630
22633
22646
22662
22662
22694
22727
22744
22778
22780
22784
22793
22810
22837
22845
22849
22855
22868
22869
22874
22896
22896
22898
22906
22913
22928
22934
22939
22944
22954
22988
23049
23068
23081
23102
23129
23130
23150
23151
23154
23163
23166
23189
23203
23214
23218
23224
23229
23238
23260
23286
23287
23292
23341
23382
23383
23386
23397
23401
23415
23426
23450
23467
23472
23479
23501
23523
23526
23544
23564
23567
23607
23633
23681
23693
23696
23767
23774
23774
23790
23816
23858
23871
23889
23933
23945
23966
23987
23990
24012
24021
24023
24026
24039
24071
24075
24082
24089
24101
24133
24183
24197
24226
24236
24239
24245
24254
24257
24259
24265
24273
24277
24307
24328
24355
24376
24377
24381
24385
24394
24438
24490
24503
24537
24554
24631
24634
24653
24662
24672
24676
24679
24689
24695
24707
24710
24722
24789
24811
24819
24831
24837
24843
24874
24903
24911
24941
24960
24979
24992
25083
25087
25106
25117
25129
25146
25159
25196
25229
25229
25246
25286
25303
25317
25339
25367
25371
25398
25404
25430
25450
25466
25467
25481
25491
25512
25517
25524
25529
25532
25549
25608
25622
25625
25628
25643
25665
25707
25728
25763
25786
25875
25878
25919
25930
25937
25945
25954
25962
25969
25971
26012
26013
26042
26057
26062
26074
26102
26145
26162
26183
26206
26236
26238
26261
26271
26280
26294
26352
26356
26360
26369
26373
26377
26385
26428
26508
26541
26546
26552
26577
26585
26597
26618
26619
26622
26638
26675
26676
26704
26713
26714
26718
26718
26725
26732
26732
26736
26741
26757
26810
26834
26835
26853
26905
26911
26925
26927
26937
26941
26972
26978
26986
26993
26993
27000
27001
27012
27027
27036
27037
27040
27075
27082
27085
27112
27113
27113
27138
27153
27192
27205
27207
27238
27239
27356
27434
27439
27439
27481
27513
27519
27525
27534
27535
27590
27592
27611
27639
27657
27667
27673
27715
27740
27747
27747
27769
27818
27825
27848
27853
27889
27905
27938
27952
27967
27969
27997
28003
28005
28016
28059
28063
28089
28098
28112
28115
28125
28168
28172
28179
28217
28222
28232
28238
28248
28272
28276
28284
28304
28304
28312
28328
28329
28341
28376
28377
28379
28399
28405
28417
28422
28431
28498
28525
28573
28573
28578
28598
28611
28662
28722
28723
28723
28727
28750
28755
28769
28773
28782
28812
28902
28930
28932
28975
29008
29060
29067
29077
29083
29090
29097
29107
29116
29121
29134
29190
29211
29240
29251
29254
29275
29329
29387
29427
29430
29436
29437
29438
29449
29462
29473
29492
29509
29525
29530
29533
29539
29545
29627
29675
29686
29709
29712
29715
29724
29742
29744
29782
29836
29851
29878
29893
29907
29922
29937
29945
29961
29965
29982
30022
30025
30029
30049
30050
30094
30128
30129
30141
30159
30168
30170
30192
30193
30203
30223
30255
30264
30268
30274
30289
30289
30293
30297
30339
30360
30374
30422
30432
30432
30447
30455
30463
30477
30495
30519
30537
30548
30567
30573
30590
30604
30621
30643
30664
30670
30671
30693
30774
30793
30807
30814
30835
30838
30902
30933
30954
30967
30991
31029
31038
31054
31063
31067
31077
31108
31132
31162
31194
31203
31267
31297
31311
31319
31360
31360
31363
31380
31411
31452
31465
31553
31561
31564
31577
31588
31590
31592
31620
31641
31689
31690
31702
31705
31717
31738
31764
31767
31786
31790
31823
31830
31869
31870
31884
31944
31960
31965
31968
31987
32006
32012
32016
32017
32023
32033
32056
32086
32099
32105
32119
32128
32149
32149
32153
32175
32203
32208
32230
32255
32278
32282
32285
32294
32297
32302
32303
32355
32372
32395
32395
32409
32423
32471
32480
32482
32520
32535
32572
32586
32641
32673
32685
32735
32769
32771
32779
32799
32802
32802
32810
32828
32844
32846
32894
32897
32919
32929
32941
32960
32994
32999
33022
33031
33035
33036
33089
33106
33110
33135
33142
33150
33154
33157
33162
33177
33183
33193
33196
33209
33238
33251
33259
33270
33286
33316
33327
33336
33339
33347
33362
33373
33382
33404
33461
33473
33478
33483
33486
33504
33518
33522
33523
33523
33542
33568
33575
33575
33590
33608
33630
33632
33632
33645
33656
33664
33689
33709
33719
33725
33725
33741
33757
33782
33785
33832
33882
33887
33888
33903
33908
33928
33936
33942
33953
33997
34011
34044
34045
34065
34081
34091
34113
34129
34136
34162
34174
34177
34183
34188
34188
34197
34213
34237
34240
34248
34279
34342
34349
34364
34383
34414
34418
34431
34457
34476
34501
34517
34526
34532
34552
34553
34562
34601
34616
34623
34626
34651
34664
34675
34684
34755
34758
34760
34780
34783
34844
34847
34848
34849
34905
34928
34934
34976
34981
34990
34994
35033
35035
35054
35064
35065
35070
35073
35089
35131
35132
35195
35221
35280
35281
35283
35338
35339
35352
35355
35360
35366
35369
35370
35378
35454
35456
35517
35562
35571
35582
35587
35594
35600
35606
35615
35629
35636
35637
35651
35652
35673
35679
35681
35724
35751
35751
35753
35841
35864
35875
35913
35918
35937
35955
35957
35972
36019
36024
36078
36084
36106
36119
36161
36167
36184
36200
36221
36221
36231
36243
36251
36278
36325
36330
36351
36376
36382
36397
36410
36425
36426
36439
36443
36445
36479
36486
36491
36493
36522
36527
36551
36569
36571
36628
36636
36641
36644
36655
36657
36682
36684
36690
36696
36697
36702
36720
36731
36735
36753
36753
36754
36760
36829
36829
36871
36915
36932
36932
36948
36957
37082
37087
37201
37205
37250
37270
37271
37271
37313
37344
37359
37375
37415
37446
37464
37569
37574
37588
37604
37619
37698
37713
37748
37800
37802
37840
37845
37856
37920
37936
37947
37982
37997
38020
38027
38050
38059
38060
38071
38096
38122
38139
38163
38190
38230
38268
38292
38309
38331
38354
38366
38392
38423
38436
38464
38519
38556
38557
38576
38593
38599
38631
38650
38677
38701
38704
38706
38711
38724
38744
38757
38762
38777
38800
38812
38822
38835
38837
38840
38843
38846
38868
38938
38939
38939
38948
38952
38978
39010
39019
39030
39037
39040
39046
39061
39074
39078
39109
39165
39170
39182
39186
39234
39237
39256
39257
39272
39275
39299
39300
39303
39355
39371
39376
39380
39386
39410
39414
39474
39504
39504
39526
39534
39558
39572
39587
39590
39594
39595
39596
39710
39730
39740
39745
39762
39764
39771
39792
39796
39802
39840
39842
39846
39898
39904
39912
39918
39926
39961
40085
40092
40094
40110
40123
40138
40168
40245
40252
40261
40267
40315
40351
40389
40392
40446
40472
40477
40502
40557
40633
40690
40695
40718
40723
40724
40725
40735
40771
40776
40781
40793
40800
40816
40818
40831
40838
40872
40906
40912
40920
40936
40962
40970
40977
41020
41042
41043
41058
41106
41118
41145
41150
41171
41181
41181
41191
41243
41247
41248
41272
41283
41285
41290
41312
41319
41323
41369
41386
41412
41413
41419
41433
41433
41456
41514
41532
41562
41588
41602
41628
41630
41663
41679
41728
41763
41763
41783
41794
41799
41874
41905
41911
41917
41925
41944
41952
41958
41970
41970
41986
42014
42016
42051
42062
42065
42084
42101
42135
42136
42137
42189
42193
42204
42220
42221
42243
42253
42273
42286
42296
42301
42308
42384
42390
42409
42422
42426
42441
42491
42495
42522
42567
42568
42592
42595
42598
42598
42607
42642
42668
42755
42775
42846
42846
42863
42866
42895
42897
42902
42931
42954
42957
42992
43018
43023
43025
43047
43053
43077
43079
43089
43103
43140
43150
43157
43183
43207
43209
43213
43217
43218
43225
43238
43243
43305
43313
43336
43401
43415
43426
43434
43447
43467
43531
43538
43575
43585
43612
43628
43647
43671
43677
43688
43689
43709
43725
43728
43731
43733
43743
43744
43750
43775
43801
43828
43832
43834
43835
43854
43884
43893
43897
43906
43910
43914
43927
43939
43943
43943
43945
43968
44008
44034
44076
44083
44087
44090
44101
44137
44139
44163
44169
44182
44219
44232
44246
44267
44275
44290
44333
44341
44351
44373
44378
44380
44387
44394
44396
44425
44435
44446
44475
44479
44491
44504
44509
44522
44566
44599
44601
44602
44604
44611
44651
44660
44674
44676
44678
44713
44752
44801
44843
44867
44872
44893
44898
44921
44927
44930
44931
44958
44960
44972
45007
45017
45017
45030
45049
45069
45076
45094
45101
45103
45117
45119
45123
45137
45156
45168
45179
45203
45207
45220
45224
45241
45255
45257
45302
45305
45306
45316
45340
45348
45378
45384
45393
45399
45403
45434
45445
45461
45461
45469
45471
45493
45505
45511
45520
45524
45545
45550
45580
45582
45622
45622
45661
45664
45674
45678
45698
45704
45770
45810
45815
45839
45847
45861
45883
45885
45906
45952
45957
45970
45977
45999
45999
46007
46009
46010
46018
46021
46033
46061
46070
46101
46109
46113
46124
46201
46215
46222
46232
46234
46283
46306
46315
46317
46361
46376
46380
46401
46409
46414
46440
46491
46509
46512
46532
46546
46614
46636
46653
46655
46666
46666
46667
46689
46697
46704
46714
46721
46736
46759
46768
46773
46780
46793
46808
46814
46819
46826
46873
46941
46946
46958
46964
46967
46983
46995
47001
47027
47033
47051
47065
47071
47126
47142
47146
47155
47156
47171
47192
47206
47214
47214
47236
47237
47242
47252
47257
47263
47284
47286
47306
47325
47337
47359
47370
47402
47403
47433
47435
47438
47452
47479
47522
47545
47547
47550
47565
47573
47581
47594
47616
47627
47643
47651
47686
47727
47790
47821
47838
47851
47857
47881
47893
47903
47945
47946
47968
47977
47986
47988
47990
47992
48015
48018
48037
48038
48039
48044
48046
48068
48077
48085
48098
48120
48149
48159
48161
48169
48174
48194
48241
48242
48264
48278
48284
48288
48294
48305
48311
48316
48317
48329
48347
48364
48398
48426
48433
48437
48440
48451
48458
48477
48495
48495
48522
48563
48610
48647
48652
48674
48688
48708
48719
48736
48760
48763
48768
48785
48812
48812
48814
48832
48879
48892
48916
48920
48957
48971
49001
49005
49050
49054
49056
49071
49072
49086
49117
49135
49167
49193
49195
49237
49245
49247
49248
49268
49282
49324
49335
49343
49344
49347
49350
49371
49382
49396
49404
49415
49418
49425
49428
49447
49464
49483
49487
49487
49527
49550
49553
49578
49580
49621
49650
49669
49672
49701
49731
49764
49764
49776
49785
49788
49796
49827
49832
49885
49930
49930
49945
49957
49977
49983
50030
50043
50045
50119
50128
50129
50150
50161
50193
50201
50210
50223
50235
50242
50281
50286
50291
50334
50340
50408
50432
50432
50450
50467
50491
50494
50501
50517
50543
50560
50562
50579
50593
50605
50611
50622
50650
50658
50663
50697
50708
50714
50717
50719
50735
50827
50834
50846
50853
50857
50923
50934
50950
50977
50985
50993
51014
51022
51025
51048
51066
51096
51106
51118
51143
51154
51178
51183
51248
51290
51297
51299
51305
51325
51373
51374
51394
51404
51424
51430
51449
51463
51535
51538
51543
51555
51564
51564
51571
51591
51600
51608
51632
51678
51705
51752
51755
51761
51824
51848
51884
51890
51915
51922
51936
51946
51951
52065
52097
52114
52138
52157
52170
52186
52191
52215
52242
52251
52259
52265
52287
52288
52328
52341
52354
52376
52376
52385
52395
52412
52416
52418
52422
52426
52428
52438
52446
52476
52501
52510
52544
52571
52585
52594
52596
52597
52606
52621
52629
52649
52684
52728
52737
52746
52762
52780
52780
52813
52820
52829
52876
52878
52906
52906
52917
52929
52935
53005
53008
53039
53073
53083
53136
53138
53142
53171
53173
53174
53196
53205
53215
53215
53234
53322
53324
53330
53365
53367
53367
53370
53427
53432
53475
53487
53504
53505
53537
53577
53685
53691
53717
53724
53734
53782
53785
53832
53842
53845
53851
53852
53861
53898
53917
53928
53995
53997
54008
54018
54027
54042
54050
54050
54073
54090
54096
54131
54155
54173
54248
54249
54251
54253
54307
54316
54325
54338
54351
54377
54389
54435
54436
54500
54506
54546
54562
54590
54647
54680
54690
54713
54745
54772
54814
54835
54866
54868
54923
54925
54925
54977
55002
55033
55046
55047
55051
55072
55083
55109
55167
55177
55245
55274
55278
55282
55289
55298
55320
55362
55398
55414
55477
55486
55500
55528
55529
55547
55559
55570
55575
55578
55591
55606
55631
55639
55699
55739
55740
55757
55768
55776
55818
55853
55871
55880
55885
55900
55919
55932
55957
55969
55974
55985
56076
56088
56115
56149
56153
56156
56168
56170
56180
56180
56205
56235
56245
56249
56256
56307
56315
56329
56331
56333
56342
56346
56346
56349
56360
56388
56416
56420
56444
56452
56454
56468
56490
56497
56503
56508
56525
56552
56552
56577
56600
56620
56665
56685
56724
56735
56744
56780
56785
56818
56824
56828
56848
56875
56905
56908
56931
56944
56949
56952
56961
56985
57012
57014
57027
57038
57079
57090
57099
57150
57158
57174
57178
57187
57188
57199
57204
57230
57238
57267
57274
57276
57280
57305
57310
57314
57317
57320
57357
57369
57397
57398
57409
57434
57459
57462
57502
57511
57523
57546
57549
57552
57555
57572
57580
57591
57593
57635
57642
57656
57682
57711
57757
57779
57784
57793
57797
57804
57809
57813
57860
57871
57894
57930
57960
57968
57970
57974
58005
58029
58054
58056
58085
58093
58137
58208
58213
58238
58254
58265
58269
58372
58396
58412
58418
58431
58492
58517
58521
58534
58538
58541
58554
58605
58616
58632
58634
58676
58699
58702
58744
58753
58754
58763
58769
58771
58774
58792
58794
58800
58802
58856
58887
58889
58890
58912
58914
58938
58946
58953
58959
58961
58962
58974
58981
59010
59011
59016
59030
59035
59041
59063
59064
59107
59111
59117
59159
59185
59203
59206
59213
59215
59217
59224
59242
59249
59287
59289
59329
59342
59354
59370
59378
59408
59430
59467
59476
59477
59505
59507
59582
59602
59608
59625
59627
59630
59645
59648
59670
59714
59732
59739
59741
59754
59781
59801
59808
59846
59851
59856
59915
59917
59927
59930
60001
60006
60008
60010
60032
60034
60061
60075
60092
60111
60126
60169
60185
60187
60208
60255
60265
60277
60288
60301
60325
60331
60421
60432
60434
60436
60458
60467
60498
60516
60531
60577
60578
60637
60639
60660
60670
60676
60680
60755
60779
60785
60786
60797
60798
60803
60820
60862
60863
60866
60882
60889
60897
60916
60919
60950
60964
60968
60970
60995
60995
60997
61015
61030
61073
61076
61100
61111
61145
61153
61191
61195
61222
61267
61279
61292
61297
61318
61349
61389
61405
61420
61423
61425
61425
61453
61469
61473
61483
61489
61499
61535
61540
61544
61602
61613
61616
61619
61633
61648
61667
61673
61704
61721
61746
61750
61770
61776
61786
61791
61806
61812
61817
61880
61887
61894
61920
61927
61935
61956
61970
61988
62048
62062
62072
62107
62113
62122
62125
62142
62143
62164
62173
62199
62231
62247
62254
62285
62292
62329
62330
62331
62371
62387
62409
62458
62459
62479
62499
62508
62514
62531
62552
62577
62602
62616
62672
62699
62708
62712
62715
62718
62772
62796
62837
62898
62904
62915
62928
62972
62980
63009
63041
63047
63054
63075
63097
63211
63217
63245
63258
63272
63272
63273
63274
63372
63401
63414
63414
63445
63446
63459
63488
63503
63515
63533
63551
63555
63559
63569
63569
63602
63613
63635
63648
63661
63667
63731
63738
63739
63761
63767
63779
63785
63841
63866
63874
63883
63894
63898
63903
63932
63944
63944
63950
63952
64059
64092
64099
64106
64143
64156
64178
64189
64205
64208
64216
64221
64224
64244
64312
64364
64382
64385
64391
64438
64458
64524
64528
64540
64546
64621
64646
64659
64732
64749
64767
64786
64798
64811
64848
64911
64922
64933
64951
64971
65043
65046
65071
65073
65099
65100
65105
65106
65132
65139
65140
65176
65191
65192
65228
65231
65231
65237
65242
65257
65262
65390
65416
65420
65435
65439
65459
65470
65487
65516
65546
65600
65605
65624
65655
65661
65682
65710
65719
65727
65748
65750
65752
65807
65813
65828
65830
65856
65862
65866
65886
65895
65917
65925
65928
65939
65957
66017
66031
66046
66069
66100
66145
66149
66173
66194
66194
66204
66205
66258
66294
66309
66326
66328
66369
66369
66383
66399
66425
66442
66469
66472
66492
66502
66543
66607
66613
66617
66628
66629
66650
66687
66701
66714
66730
66741
66753
66772
66795
66810
66822
66835
66847
66870
66885
66886
66894
66911
66923
66954
66961
66966
66993
67008
67018
67027
67045
67093
67093
67127
67147
67176
67189
67190
67192
67193
67212
67213
67217
67243
67264
67275
67333
67339
67340
67354
67356
67385
67394
67401
67421
67435
67443
67472
67498
67499
67501
67504
67527
67530
67551
67552
67582
67584
67607
67637
67641
67657
67721
67750
67764
67764
67796
67807
67814
67825
67842
67856
67876
67902
67911
67931
67945
67954
67964
67966
68026
68027
68040
68058
68060
68091
68131
68134
68136
68175
68195
68204
68205
68211
68227
68243
68245
68255
68270
68272
68302
68304
68315
68319
68331
68343
68349
68350
68356
68364
68401
68405
68435
68436
68446
68458
68470
68496
68501
68522
68533
68536
68610
68613
68617
68631
68648
68651
68661
68674
68675
68682
68715
68723
68736
68739
68780
68812
68812
68829
68834
68894
68896
68904
68923
68961
68961
68980
68981
68999
69011
69041
69052
69056
69077
69083
69117
69131
69132
69147
69151
69212
69215
69229
69239
69251
69264
69279
69284
69313
69313
69323
69358
69460
69483
69485
69507
69515
69517
69587
69614
69634
69642
69668
69698
69707
69710
69714
69736
69757
69768
69770
69836
69889
69895
69904
69904
69935
69950
69979
69981
69996
69998
70022
70039
70051
70088
70111
70160
70178
70209
70254
70256
70261
70266
70275
70280
70301
70330
70356
70388
70405
70430
70431
70450
70450
70453
70472
70477
70495
70505
70519
70544
70560
70568
70586
70592
70597
70601
70611
70613
70622
70624
70628
70630
70649
70650
70652
70665
70691
70724
70726
70739
70752
70778
70790
70805
70807
70811
70834
70845
70855
70873
70876
70901
70932
70951
70988
71013
71046
71049
71050
71067
71099
71100
71103
71106
71110
71120
71126
71139
71143
71181
71192
71200
71215
71230
71267
71274
71282
71294
71299
71311
71346
71351
71357
71373
71376
71378
71389
71432
71432
71447
71465
71510
71516
71518
71600
71604
71608
71622
71641
71657
71671
71727
71729
71760
71786
71795
71807
71815
71823
71845
71846
71859
71865
71866
71883
71886
71887
71899
71920
71928
71965
71988
72001
72003
72015
72020
72038
72050
72091
72097
72104
72114
72140
72187
72188
72208
72221
72221
72222
72233
72249
72252
72356
72368
72379
72397
72419
72424
72456
72463
72472
72478
72483
72505
72512
72513
72530
72567
72573
72581
72610
72657
72711
72718
72740
72742
72747
72747
72759
72760
72827
72865
72903
72904
72922
72976
72983
73004
73005
73014
73029
73045
73065
73079
73092
73129
73176
73189
73208
73212
73241
73243
73263
73291
73309
73311
73312
73328
73343
73353
73362
73402
73404
73450
73464
73498
73517
73545
73549
73638
73639
73647
73670
73692
73742
73747
73747
73758
73760
73771
73781
73788
73808
73815
73854
73860
73868
73897
73903
73913
73949
73966
73969
73976
74000
74011
74018
74039
74064
74126
74143
74154
74156
74167
74178
74178
74192
74205
74234
74263
74272
74288
74320
74343
74360
74399
74402
74411
74495
74502
74533
74535
74553
74559
74568
74596
74602
74667
74715
74715
74716
74778
74779
74781
74792
74802
74831
74882
74882
74907
74912
74924
74927
74927
74950
74961
75036
75048
75067
75155
75160
75175
75201
75203
75212
75245
75254
75260
75262
75308
75329
75330
75352
75355
75396
75428
75436
75438
75453
75460
75501
75522
75526
75571
75573
75602
75609
75615
75638
75653
75660
75680
75700
75713
75732
75733
75775
75777
75780
75807
75813
75816
75847
75849
75853
75872
75874
75883
75900
75917
75918
75934
75974
75981
75983
76002
76093
76126
76160
76200
76202
76209
76211
76220
76225
76244
76255
76255
76259
76274
76279
76282
76290
76313
76348
76365
76385
76433
76460
76460
76507
76509
76520
76524
76531
76545
76561
76567
76568
76570
76579
76607
76645
76668
76688
76709
76738
76747
76752
76760
76770
76775
76780
76795
76829
76829
76831
76833
76886
76936
76938
76972
77039
77044
77051
77056
77068
77083
77092
77096
77105
77111
77116
77121
77165
77183
77195
77224
77226
77293
77316
77323
77329
77351
77358
77367
77384
77394
77395
77408
77409
77415
77420
77425
77448
77497
77521
77522
77557
77561
77592
77592
77596
77623
77643
77651
77659
77660
77673
77677
77679
77718
77852
77871
77895
77904
77915
77943
77952
77958
77973
77994
78007
78030
78041
78047
78077
78097
78103
78107
78110
78111
78127
78195
78198
78202
78203
78210
78237
78278
78278
78291
78311
78384
78402
78426
78463
78465
78484
78497
78498
78508
78542
78551
78585
78586
78594
78609
78616
78642
78687
78693
78712
78734
78739
78740
78796
78819
78823
78828
78855
78865
78878
78909
78915
78950
78981
79001
79014
79029
79089
79102
79114
79139
79206
79234
79249
79278
79317
79330
79333
79334
79337
79341
79357
79382
79398
79403
79410
79410
79428
79454
79469
79474
79483
79505
79514
79519
79522
79541
79586
79597
79628
79631
79651
79678
79678
79693
79703
79706
79738
79759
79760
79769
79769
79782
79798
79803
79806
79822
79823
79823
79901
79943
79971
79986
80019
80047
80062
80072
80096
80128
80148
80153
80170
80186
80195
80207
80229
80239
80245
80308
80334
80339
80351
80387
80397
80419
80433
80446
80476
80506
80524
80529
80536
80541
80564
80577
80587
80603
80608
80620
80623
80645
80669
80670
80676
80678
80690
80710
80746
80748
80763
80773
80864
80866
80881
80923
80930
80933
80976
81060
81065
81096
81099
81110
81128
81133
81156
81159
81182
81205
81251
81252
81254
81256
81259
81259
81261
81264
81273
81277
81278
81303
81306
81338
81342
81357
81367
81387
81411
81414
81426
81430
81435
81478
81493
81510
81536
81536
81548
81551
81560
81565
81569
81579
81639
81689
81690
81715
81741
81765
81771
81777
81784
81855
81859
81869
81869
81878
81882
81894
81912
81973
81979
82004
82052
82065
82068
82099
82100
82112
82122
82192
82201
82216
82287
82318
82319
82338
82346
82368
82375
82378
82379
82382
82385
82386
82410
82477
82483
82522
82535
82555
82560
82572
82581
82584
82587
82588
82598
82602
82618
82627
82632
82636
82659
82660
82661
82669
82693
82707
82719
82720
82736
82739
82754
82758
82764
82814
82823
82852
82885
82885
82895
82917
82921
82933
82943
82944
82946
82957
82975
82976
82992
83009
83013
83022
83053
83076
83077
83079
83084
83111
83131
83161
83166
83167
83241
83247
83287
83300
83301
83314
83349
83379
83437
83443
83453
83486
83492
83493
83519
83520
83520
83541
83559
83574
83582
83587
83589
83611
83615
83619
83652
83656
83667
83683
83685
83695
83696
83721
83798
83811
83864
83869
83911
83921
83966
83968
83968
83986
83989
84034
84041
84063
84113
84117
84148
84165
84185
84212
84218
84226
84226
84286
84295
84296
84302
84323
84342
84360
84427
84427
84444
84466
84467
84494
84525
84530
84553
84579
84592
84598
84607
84620
84637
84671
84677
84695
84699
84721
84737
84761
84762
84778
84822
84824
84826
84836
84840
84848
84858
84863
84892
84935
84991
85017
85029
85104
85126
85134
85147
85151
85159
85176
85209
85215
85222
85225
85245
85250
85302
85329
85357
85370
85388
85410
85442
85445
85471
85492
85509
85513
85523
85573
85574
85582
85598
85622
85625
85629
85645
85659
85671
85693
85694
85707
85719
85724
85787
85796
85810
85830
85901
85944
85951
85958
85983
86004
86009
86024
86048
86071
86092
86123
86168
86172
86180
86189
86225
86231
86246
86253
86258
86331
86334
86337
86347
86352
86365
86386
86396
86399
86402
86407
86418
86421
86427
86436
86473
86476
86493
86494
86507
86524
86580
86598
86610
86615
86627
86657
86661
86676
86698
86723
86730
86747
86749
86771
86851
86891
86904
86929
86933
86977
87010
87023
87048
87059
87088
87104
87121
87158
87169
87180
87183
87214
87226
87240
87242
87245
87262
87336
87353
87399
87416
87420
87459
87477
87495
87512
87532
87536
87542
87557
87570
87614
87629
87654
87656
87673
87678
87679
87694
87697
87702
87722
87725
87741
87757
87764
87805
87861
87875
87876
87883
87973
87989
88272
88442
89290
90328
90549
90823
91633
91883
92078
92144
92229
92663
94276
94540
94662
95127
96398
96817
96938
97187
97696
98052
98377
98697
99435
99454
99679
99724
99983
100119
100774
101794
102130
102144
102577
103002
103170
103224
103327
103411
103940
104468
105437
105605
105860
106173
106483
108371
108505
109632
109751
109868
109919
110474
110491
110525
111032
111372
111523
112812
113034
114325
114336
114373
114465
114589
114686
114913
115343
115624
115754
116975
117715
117886
118307
119092
119157
119170
119259
119589
119639
119962
120009
120284
121757
121838
121893
122142
122269
122562
122905
123145
123241
123318
124151
124622
125077
125622
125714
125930
127150
127942
128232
129048
129056
129292
130601
130825
132882
133222
133734
133822
134531
134685
135941
136401
136854
138007
139044
139705
140587
143621
143668
146621
147520
147532
147994
148592
149816
150273
150324
150549
150650
151208
151312
151973
153071
154462
156442
156523
157423
157699
158822
159724
159736
160185
161527
161716
162291
162577
162795
162921
163162
163169
163835
164058
164624
164650
165749
166142
166258
166291
166961
167779
168741
169231
169756
169813
170311
170729
170730
170946
171171
171385
171501
171532
172197
172781
172862
173074
174359
174651
174666
174881
174971
175438
176196
176760
177253
180990
182676
182752
182998
184490
187820
188282
190864
193746
194313
194620
197366
197969
198626
198774
199719
199771
200029
200179
201110
202059
202452
203086
203741
203803
205173
205584
205893
206907
207202
207662
208204
209215
212886
213161
213685
214062
214855
214989
215477
215527
219677
220771
221429
223229
223336
224308
224580
224606
228727
229490
229778
231833
231848
231933
232836
237206
239330
241061
241561
242515
245515
247157
247282
247481
248729
250008
250226
250510
252843
252862
253636
254022
254562
254711
255888
258393
259168
259311
260057
262768
265008
265213
267533
270782
271754
273368
273641
274957
276978
287550
292357
296584
297044
300787
301857
303080
307469
310437
311648
312839
314495
316740
317333
318253
319209
326758
328704
334370
336342
336858
338317
338421
342504
347275
349033
350143
353433
353471
353759
355722
357312
359027
362008
365026
366474
366793
370602
371489
371580
371752
372093
372450
373200
378328
382677
385805
386700
387594
390544
391415
393084
394820
395203
398337
398558
399383
401449
402274
403844
403993
406817
408731
409610
411007
415727
415730
416235
417313
417624
418080
418513
419584
419689
424438
425224
425577
426150
426250
431837
433269
433291
433856
434836
437995
439702
439881
443003
444570
450199
450599
451079
458477
458483
458724
460226
463732
463890
465189
465881
469924
470178
474567
477017
477210
482146
482285
482365
482635
484322
484875
485227
485908
486956
487812
490707
492105
492448
492934
495014
498347
503069
508291
509884
511309
515163
515473
516329
517532
518072
522233
523049
524616
526332
527968
538347
538375
543185
544122
544378
545895
546708
546820
551363
553318
557486
566767
571900
573246
579637
579739
580035
585527
594683
595383
599473
614494
615246
615988
628926
629278
659190
671956
684842
690834
715384
715492
716584
753161
753183
781869
795154
819585
826742
840036
861646
876226
886820
888121
891589
903375
911133
916862
918796
925836
926423
927783
937532
962510
969801
969874
976316
977954
978181
979140
979667
980986
981963
982290
983765
984861
986042
986899
988251
989844
993938
994288
997035
997971
999297
999381
999879
1002939
1004108
1004692
1009828
1010574
1017845
1017981
1018660
1020863
1022075
1023217
1023220
1025520
1025750
1026944
1027332
1027981
1028975
1029287
1031592
1031918
1034659
1034814
1035613
1039283
1040158
1040845
1041518
1043894
1046236
1047094
1047304
1047510
1049930
1052469
1053074
1053226
1160576
1168953
1170966
1177468
1194931
1225476
1242748
1250430
1252938
1262994
1267189
1303651
1326928
1333159
1335451
1361119
1365155
1376310
1377993
1382847
1396740
1403841
1403982
1405261
1412157
1417627
1421505
1428637
1475116
1482576
1523845
1527114
1533787
1535891
1560926
1583110
1598039
1602290
1626013
1631025
1666189
1670415
1673242
1679486
1687584
1694498
1708360
1711432
1711719
1714636
1715756
1720721
1722532
1734746
1736428
1737179
1750083
1755547
1758879
1759716
1780160
1810905
1812927
1823431
1826016
1827662
1852338
1870592
1870950
1900903
1901137
1901188
1944399
1948381
1969535
1976139
1981528
1985027
1992385
2003629
2013333
2017445
2017832
2018251
2029751
2038423
2042469
2046680
2060448
2090306
2133005
2153195
2159482
2165264
2179947
2199898
2464309
2470601
2472215
2488428
2496214
2534511
2557686
2560854
2569458
2574110
2576011
2577253
2578804
2582576
2586592
2598937
2604209
2607538
2616272
2622336
2624545
2632084
2632267
2638861
2646559
2648704
2687427
2691942
2711253
2713709
2729629
2729946
2730956
2731531
2731606
2747173
2752413
2759175
2759440
2766931
2792689
2806824
2818569
2822771
2823755
2836905
2856875
2860659
2866124
2881559
2883364
2885277
2888413
2896657
2905624
2906919
2909018
2909732
2916723
2917328
2917452
2921375
2930875
2941418
2946331
2947691
2950230
2950580
2952397
2960268
2965325
2979861
2996625
3002149
3009875
3037759
3045296
3054154
3058135
3062860
3063197
3066249
3066706
3067950
3171372
3201775
3228767
3244841
3247851
3249606
3262621
3264813
3288184
3311516
3315911
3326205
3361288
3367425
3385918
3399266
3400314
3431763
3448281
3455747
3474746
3475182
3477693
3493156
3622850
3639093
3642818
3660742
3680314
3681957
3872652
3906056
3907772
3944852
3951701
3954687
4051210
4054220
4056988
4065330
4067509
4080673
4105930
4109920
4115101
4115315
4123358
4131893
4848272
4856267
4894635
4896468
4906996
4913122
4932325
4945420
4946158
4956555
4977437
5013667
5296834
5307498
5312687
5337969
5339421
5341232
5563096
5570345
5577197
5582952
5586796
5608561
5811042
5825792
5827380
5834150
5885417
5894797
5896426
5912748
5918840
5936843
5938639
5962419
5995181
6017993
6047356
6050026
6062938
6068632
6520405
6520440
6538200
6556092
6573838
6582092
6881645
6903749
6903913
6924390
6929817
6941833
8203558
8213969
8232048
8254144
8257106
8270791
8274925
8327879
8329437
8345243
8349830
8354839
8713466
8719393
8738033
8753492
8756691
8793474