8
52
58
109
110
128
131
161
168
170
172
182
189
214
216
228
230
241
278
281
287
294
335
337
343
365
373
379
389
391
408
459
466
483
485
487
490
494
528
528
536
566
579
587
599
618
618
620
621
621
627
651
659
730
744
760
792
797
799
823
856
865
866
874
911
945
953
955
1005
1009
1025
1083
1093
1096
1117
1127
1153
1159
1166
1171
1174
1207
1208
1224
1234
1237
1237
1252
1262
1267
1275
1294
1297
1318
1350
1356
1378
1394
1400
1407
1417
1423
1427
1429
1439
1442
1448
1472
1535
1544
1552
1577
1590
1604
1604
1643
1645
1661
1674
1675
1695
1715
1725
1729
1729
1743
1747
1769
1815
1819
1822
1824
1825
1829
1848
1857
1871
1897
1909
1929
1931
1931
1943
1945
1948
1959
1981
1987
2019
2025
2025
2038
2044
2112
2114
2130
2131
2132
2132
2140
2142
2157
2174
2192
2204
2214
2214
2218
2234
2259
2311
2312
2314
2327
2332
2341
2343
2367
2368
2370
2372
2392
2432
2454
2484
2492
2511
2514
2522
2528
2535
2539
2565
2567
2597
2621
2654
2657
2662
2668
2672
2672
2692
2703
2707
2709
2712
2757
2764
2767
2797
2801
2804
2818
2820
2820
2849
2876
2889
2896
2910
2917
2936
2996
3002
3007
3047
3049
3076
3077
3080
3086
3100
3104
3110
3113
3125
3129
3130
3181
3198
3206
3211
3212
3224
3225
3227
3247
3261
3262
3278
3344
3384
3387
3434
3452
3462
3506
3506
3510
3516
3549
3561
3562
3570
3575
3602
3602
3611
3623
3640
3662
3685
3700
3705
3725
3735
3738
3771
3796
3797
3802
3810
3842
3849
3867
3872
3879
3880
3890
3899
3901
3903
3926
3936
3942
3955
3969
3975
3998
4011
4016
4019
4019
4028
4131
4141
4163
4183
4186
4189
4199
4210
4240
4271
4293
4327
4350
4374
4380
4382
4420
4421
4426
4441
4457
4458
4464
4473
4489
4490
4508
4533
4555
4577
4594
4598
4607
4625
4653
4663
4671
4671
4672
4673
4708
4721
4723
4739
4747
4755
4761
4785
4794
4807
4814
4823
4826
4846
4853
4856
4856
4858
4890
4901
4908
4912
4922
4938
4956
4956
4957
4979
4983
4992
4992
4994
4997
5002
5022
5032
5034
5037
5037
5051
5087
5109
5118
5129
5137
5145
5148
5154
5178
5189
5209
5220
5241
5247
5254
5255
5294
5297
5300
5302
5321
5326
5332
5333
5333
5343
5357
5369
5376
5380
5382
5397
5401
5410
5412
5423
5424
5454
5480
5480
5504
5512
5528
5545
5554
5570
5580
5610
5633
5634
5636
5641
5647
5649
5652
5685
5693
5706
5718
5740
5767
5834
5916
5938
5945
5972
5993
6032
6045
6082
6082
6096
6097
6102
6111
6112
6129
6131
6171
6205
6299
6305
6340
6341
6354
6364
6385
6389
6407
6408
6411
6421
6423
6442
6445
6447
6447
6452
6459
6470
6482
6483
6487
6497
6499
6500
6501
6510
6530
6534
6574
6578
6579
6606
6613
6618
6618
6619
6623
6634
6676
6689
6692
6692
6700
6701
6713
6721
6725
6731
6736
6750
6758
6818
6825
6825
6831
6840
6861
6863
6894
6895
6900
6905
6963
6970
7040
7064
7094
7106
7112
7123
7141
7165
7181
7199
7215
7231
7243
7262
7266
7266
7274
7287
7289
7293
7312
7318
7320
7342
7342
7364
7394
7399
7440
7449
7491
7492
7502
7511
7519
7524
7527
7549
7561
7583
7609
7629
7636
7645
7647
7661
7672
7683
7687
7697
7735
7738
7746
7768
7787
7795
7853
7893
7902
7922
7929
7931
7938
7978
8023
8029
8046
8053
8067
8079
8087
8101
8108
8119
8140
8159
8161
8176
8180
8223
8230
8236
8241
8255
8255
8270
8291
8303
8307
8313
8331
8341
8344
8383
8385
8396
8398
8413
8466
8471
8473
8530
8538
8551
8565
8568
8597
8607
8624
8626
8641
8647
8656
8660
8681
8714
8722
8732
8741
8747
8753
8842
8875
8899
8915
8981
8985
9033
9040
9058
9061
9068
9073
9084
9089
9091
9114
9130
9137
9148
9151
9163
9186
9188
9207
9213
9222
9223
9229
9230
9237
9244
9251
9252
9266
9269
9278
9282
9300
9302
9324
9327
9338
9345
9349
9372
9374
9392
9430
9465
9487
9488
9519
9538
9547
9560
9581
9633
9634
9651
9654
9659
9693
9707
9711
9746
9749
9766
9787
9789
9790
9792
9832
9861
9868
9870
9875
9929
9944
9955
9968
9986
9995
10001
10004
10022
10025
10026
10029
10030
10039
10049
10059
10065
10067
10070
10076
10103
10110
10117
10136
10181
10186
10197
10199
10219
10223
10225
10236
10240
10244
10246
10247
10252
10289
10302
10303
10311
10315
10353
10364
10378
10402
10417
10463
10464
10469
10476
10482
10518
10524
10524
10537
10548
10553
10576
10581
10596
10608
10630
10641
10654
10655
10698
10724
10736
10753
10774
10779
10801
10813
10818
10837
10845
10865
10870
10875
10884
10892
10905
10916
10922
10924
10924
10942
10975
11013
11014
11016
11020
11040
11049
11059
11065
11081
11090
11098
11106
11111
11132
11146
11184
11185
11211
11212
11221
11239
11258
11274
11278
11278
11283
11288
11289
11289
11290
11294
11322
11323
11325
11331
11357
11377
11382
11388
11388
11437
11444
11445
11450
11471
11478
11485
11496
11541
11558
11576
11582
11583
11585
11598
11649
11675
11679
11680
11681
11709
11710
11737
11746
11748
11753
11756
11762
11770
11797
11806
11810
11816
11869
11876
11884
11897
11903
11924
11931
11936
11938
11957
11963
11974
11985
11995
12017
12088
12097
12107
12146
12149
12167
12170
12178
12189
12209
12228
12244
12248
12252
12263
12316
12335
12360
12364
12365
12372
12376
12396
12415
12426
12436
12445
12465
12469
12475
12482
12495
12502
12517
12536
12545
12553
12591
12607
12619
12633
12640
12645
12651
12661
12682
12695
12709
12731
12732
12732
12734
12750
12754
12756
12757
12765
12771
12801
12826
12829
12850
12860
12861
12864
12869
12878
12893
12894
12900
12909
12910
12928
12935
12950
12964
12964
12971
12984
13002
13015
13038
13049
13050
13068
13084
13085
13089
13129
13131
13143
13146
13157
13162
13178
13188
13190
13192
13209
13212
13214
13224
13262
13269
13274
13327
13350
13356
13359
13374
13379
13388
13388
13393
13405
13412
13423
13432
13433
13449
13449
13465
13471
13479
13488
13490
13500
13504
13505
13523
13528
13537
13552
13565
13606
13607
13609
13621
13629
13713
13719
13719
13728
13730
13806
13807
13822
13824
13847
13852
13857
13873
13875
13889
13890
13911
13919
13938
13958
13960
13964
13974
14000
14000
14009
14021
14028
14062
14065
14111
14129
14136
14140
14156
14185
14220
14237
14241
14254
14261
14264
14270
14278
14342
14357
14370
14375
14381
14398
14424
14426
14454
14457
14487
14499
14499
14510
14515
14515
14520
14538
14558
14578
14583
14584
14590
14592
14611
14645
14645
14650
14673
14684
14690
14712
14727
14748
14775
14780
14780
14782
14788
14799
14805
14812
14814
14815
14830
14835
14840
14847
14853
14867
14910
14935
14941
14972
14983
14985
14991
15018
15025
15035
15069
15094
15113
15146
15149
15155
15159
15169
15180
15181
15198
15223
15226
15240
15290
15298
15311
15315
15326
15338
15345
15362
15376
15389
15410
15419
15424
15425
15430
15458
15459
15483
15528
15551
15552
15563
15568
15591
15605
15631
15637
15655
15666
15683
15684
15685
15705
15732
15756
15762
15762
15800
15811
15814
15822
15831
15845
15847
15851
15870
15880
15887
15898
15921
15926
15975
15979
15980
16002
16005
16019
16020
16022
16036
16047
16051
16059
16080
16092
16095
16102
16119
16186
16195
16202
16231
16247
16256
16261
16268
16291
16323
16326
16334
16340
16360
16377
16404
16409
16422
16423
16427
16428
16445
16446
16446
16451
16456
16466
16480
16481
16482
16486
16512
16552
16568
16593
16598
16598
16612
16614
16617
16623
16632
16635
16639
16656
16664
16682
16712
16717
16720
16735
16754
16758
16775
16790
16797
16798
16811
16821
16826
16835
16847
16852
16853
16866
16869
16882
16902
16908
16929
16941
16946
16955
16962
16965
16979
16983
17009
17010
17020
17036
17040
17052
17056
17061
17061
17063
17077
17090
17106
17106
17112
17122
17145
17175
17190
17195
17199
17228
17231
17232
17233
17298
17325
17326
17337
17379
17380
17394
17417
17420
17466
17476
17483
17523
17523
17602
17605
17634
17646
17648
17655
17679
17681
17684
17694
17701
17701
17705
17732
17747
17778
17778
17797
17799
17810
17830
17831
17842
17845
17850
17858
17864
17871
17882
17908
17921
17941
17947
17957
17961
17972
17973
17982
17992
17992
17999
18003
18016
18029
18057
18083
18123
18160
18168
18174
18202
18207
18217
18227
18244
18246
18305
18316
18329
18338
18350
18371
18383
18409
18425
18444
18455
18459
18465
18471
18475
18543
18558
18571
18574
18586
18588
18598
18600
18619
18620
18645
18677
18689
18722
18731
18736
18747
18754
18759
18827
18830
18847
18858
18861
18876
18886
18886
18893
18911
18915
18923
18929
18937
18952
18957
18973
18976
18981
18995
19000
19010
19011
19041
19058
19065
19065
19074
19088
19098
19107
19107
19123
19129
19151
19166
19186
19194
19232
19258
19290
19304
19320
19322
19326
19329
19359
19362
19368
19397
19407
19408
19437
19442
19446
19450
19453
19470
19475
19495
19499
19516
19519
19531
19536
19565
19572
19578
19591
19593
19617
19644
19656
19667
19670
19691
19702
19712
19713
19748
19775
19782
19788
19813
19813
19819
19822
19835
19853
19876
19879
19885
19888
19897
19901
19915
19925
19926
19929
19930
19936
19950
19953
19961
19964
19974
19976
19996
19999
20023
20035
20048
20067
20068
20090
20113
20114
20135
20136
20142
20173
20174
20179
20187
20204
20226
20236
20251
20270
20289
20310
20322
20329
20340
20350
20354
20373
20381
20423
20423
20444
20455
20458
20486
20487
20489
20491
20493
20527
20536
20547
20549
20553
20556
20560
20583
20603
20628
20649
20666
20732
20733
20774
20779
20781
20784
20793
20841
20843
20848
20858
20861
20864
20864
20905
20935
20958
20966
20981
20999
21002
21005
21036
21036
21041
21053
21054
21074
21094
21100
21107
21115
21144
21152
21192
21220
21248
21266
21270
21270
21276
21303
21319
21320
21346
21346
21387
21414
21415
21421
21439
21444
21450
21546
21551
21574
21606
21619
21628
21639
21647
21664
21688
21693
21701
21705
21713
21714
21717
21720
21731
21733
21740
21748
21772
21786
21787
21792
21812
21813
21815
21836
21914
21919
21950
21965
21978
21980
21989
22002
22031
22099
22102
22106
22128
22130
22184
22208
22214
22232
22242
22244
22255
22265
22272
22282
22282
22294
22311
22327
22362
22377
22379
22388
22402
22420
22438
22479
22514
22518
22520
22535
22543
22548
22548
22557
22579
22591
22613
22614
22630
22645
22656
22685
22687
22724
22727
22738
22754
22790
22796
22811
22812
22815
22815
22815
22845
22850
22866
22870
22872
22887
22951
22958
22961
22965
22968
22978
22988
23033
23050
23050
23051
23071
23081
23081
23085
23112
23115
23136
23171
23194
23210
23249
23249
23255
23263
23294
23304
23332
23341
23377
23402
23427
23441
23448
23449
23458
23472
23474
23481
23507
23565
23573
23575
23599
23601
23605
23636
23667
23671
23674
23675
23691
23712
23725
23729
23734
23739
23743
23765
23782
23808
23820
23821
23823
23843
23850
23854
23855
23876
23902
23904
23908
23950
23962
23986
24039
24076
24082
24086
24089
24093
24094
24099
24122
24123
24135
24146
24185
24197
24210
24214
24232
24268
24280
24281
24327
24327
24351
24356
24370
24371
24384
24387
24393
24408
24415
24451
24468
24475
24499
24527
24533
24535
24553
24595
24605
24619
24640
24693
24702
24712
24742
24796
24800
24805
24840
24841
24845
24852
24855
24877
24910
24912
24921
24922
24967
24976
25015
25032
25080
25095
25112
25128
25136
25149
25158
25160
25171
25175
25180
25194
25220
25220
25236
25242
25245
25263
25269
25274
25290
25293
25316
25318
25321
25329
25344
25359
25401
25401
25430
25434
25452
25456
25472
25478
25486
25493
25498
25506
25523
25526
25528
25545
25556
25569
25573
25585
25601
25617
25622
25627
25628
25653
25658
25660
25665
25671
25678
25680
25682
25691
25731
25750
25757
25777
25817
25823
25824
25832
25833
25834
25851
25873
25912
25928
25934
25937
25941
25961
25962
25986
25995
26001
26005
26009
26045
26062
26066
26081
26101
26127
26168
26173
26197
26198
26211
26255
26259
26265
26272
26272
26295
26308
26314
26317
26325
26334
26347
26352
26385
26389
26407
26430
26432
26516
26519
26531
26532
26533
26536
26541
26544
26556
26568
26568
26571
26584
26600
26601
26607
26612
26616
26618
26625
26655
26664
26664
26688
26690
26694
26697
26720
26727
26729
26760
26766
26791
26794
26802
26804
26811
26815
26838
26841
26866
26876
26892
26950
26953
26956
26957
26959
26968
26992
27004
27005
27008
27013
27031
27089
27090
27094
27094
27103
27118
27123
27158
27160
27163
27166
27183
27183
27185
27190
27205
27215
27217
27232
27247
27253
27261
27284
27285
27286
27299
27374
27374
27391
27430
27436
27445
27454
27474
27479
27489
27491
27499
27501
27503
27506
27518
27519
27572
27582
27594
27600
27604
27619
27635
27664
27675
27685
27695
27701
27702
27711
27722
27743
27761
27761
27770
27771
27805
27810
27820
27827
27850
27901
27903
27920
27938
27952
27965
27984
28012
28025
28029
28049
28060
28062
28068
28070
28079
28112
28114
28116
28128
28165
28174
28198
28203
28207
28218
28239
28247
28251
28257
28285
28317
28327
28332
28337
28346
28372
28376
28385
28400
28414
28426
28450
28454
28501
28517
28524
28565
28576
28587
28594
28607
28608
28610
28610
28613
28614
28619
28623
28623
28639
28647
28668
28697
28710
28716
28735
28745
28749
28764
28770
28800
28800
28823
28852
28922
28931
28936
28950
28961
28962
29020
29028
29050
29050
29054
29055
29060
29077
29098
29132
29146
29150
29153
29157
29158
29186
29201
29212
29233
29246
29290
29298
29320
29345
29368
29372
29384
29431
29436
29449
29454
29459
29461
29476
29480
29498
29508
29508
29511
29519
29532
29542
29548
29549
29569
29578
29588
29592
29596
29599
29612
29615
29619
29652
29657
29679
29690
29691
29704
29723
29769
29775
29796
29805
29812
29828
29831
29840
29910
29935
29942
29946
29986
30003
30009
30013
30017
30020
30026
30027
30044
30067
30102
30123
30149
30155
30159
30164
30195
30204
30213
30223
30239
30245
30283
30294
30313
30381
30411
30417
30424
30438
30488
30499
30504
30540
30547
30558
30567
30597
30623
30624
30659
30665
30668
30680
30683
30740
30768
30778
30799
30799
30812
30816
30823
30824
30826
30826
30842
30844
30865
30869
30882
30898
30899
30914
30925
30958
30972
30974
30995
31004
31006
31053
31059
31061
31068
31082
31101
31146
31150
31150
31153
31153
31159
31169
31177
31183
31198
31201
31238
31244
31245
31246
31255
31289
31301
31320
31329
31339
31365
31367
31378
31380
31387
31394
31397
31411
31421
31426
31433
31442
31444
31467
31469
31477
31480
31483
31487
31488
31492
31497
31502
31520
31525
31539
31555
31558
31575
31604
31611
31615
31634
31644
31674
31706
31717
31721
31723
31731
31735
31747
31758
31775
31801
31802
31861
31875
31888
31906
31918
31953
31957
31963
31975
31982
31990
31997
32015
32017
32024
32035
32039
32055
32055
32058
32067
32081
32082
32084
32102
32105
32114
32124
32139
32142
32146
32150
32163
32172
32235
32251
32272
32274
32312
32346
32366
32376
32376
32382
32392
32445
32456
32461
32467
32479
32495
32538
32539
32557
32558
32563
32564
32565
32565
32582
32593
32607
32638
32639
32654
32659
32677
32698
32706
32725
32736
32779
32779
32793
32798
32814
32863
32877
32881
32885
32893
32900
32919
32934
32943
33003
33025
33033
33038
33055
33090
33094
33112
33116
33121
33195
33240
33241
33245
33269
33272
33301
33308
33319
33334
33367
33370
33372
33377
33398
33399
33420
33425
33451
33483
33491
33499
33542
33551
33552
33561
33566
33606
33607
33635
33652
33664
33664
33696
33720
33730
33751
33755
33798
33802
33854
33867
33881
33922
33924
33925
33940
33954
33961
33975
33977
34002
34005
34041
34094
34107
34108
34128
34131
34172
34214
34231
34234
34237
34238
34247
34263
34307
34311
34316
34335
34360
34361
34383
34407
34437
34439
34461
34487
34493
34493
34507
34521
34527
34543
34564
34572
34585
34590
34599
34603
34605
34620
34620
34655
34655
34667
34692
34738
34750
34752
34755
34760
34799
34802
34810
34832
34856
34858
34863
34882
34892
34893
34894
34897
34898
34906
34921
34924
34929
34932
34955
34963
34979
35044
35054
35059
35073
35073
35080
35097
35111
35136
35139
35159
35161
35204
35206
35210
35212
35226
35227
35259
35288
35314
35361
35368
35372
35399
35402
35426
35434
35435
35440
35441
35444
35449
35453
35454
35460
35460
35467
35485
35487
35499
35518
35524
35526
35557
35561
35563
35649
35659
35723
35737
35765
35783
35786
35790
35806
35815
35816
35829
35839
35847
35861
35872
35878
35880
35893
35914
35925
35937
35958
35963
35974
35983
35988
36019
36020
36024
36042
36045
36057
36072
36078
36087
36091
36119
36119
36125
36133
36152
36160
36169
36177
36178
36182
36183
36198
36242
36257
36276
36284
36292
36314
36320
36321
36321
36351
36353
36362
36363
36389
36391
36431
36432
36433
36440
36441
36442
36510
36514
36518
36524
36526
36526
36537
36548
36576
36611
36612
36612
36613
36623
36628
36638
36642
36696
36701
36750
36753
36772
36776
36777
36781
36794
36797
36808
36828
36844
36857
36863
36868
36878
36894
36896
36929
36940
36954
36972
36993
36999
37036
37060
37077
37083
37094
37110
37119
37119
37122
37131
37133
37149
37166
37168
37181
37202
37204
37237
37246
37264
37283
37289
37290
37293
37297
37310
37317
37319
37324
37328
37333
37339
37347
37350
37350
37352
37379
37396
37396
37396
37402
37403
37407
37416
37426
37435
37450
37494
37497
37505
37519
37527
37532
37541
37564
37565
37575
37579
37584
37586
37594
37598
37625
37630
37639
37655
37662
37674
37690
37705
37727
37731
37746
37748
37751
37772
37797
37820
37839
37841
37847
37858
37859
37861
37908
37918
37989
38001
38001
38009
38012
38047
38052
38104
38113
38142
38152
38169
38170
38182
38223
38234
38235
38250
38251
38283
38300
38309
38318
38334
38346
38361
38406
38407
38437
38445
38459
38462
38463
38512
38515
38525
38534
38553
38554
38555
38555
38561
38562
38584
38606
38612
38640
38654
38672
38687
38692
38700
38705
38709
38713
38717
38718
38741
38749
38766
38771
38818
38825
38841
38863
38877
38930
38935
38936
38945
38954
38959
38961
38961
38966
38969
38977
38988
38994
39039
39071
39076
39088
39101
39130
39157
39162
39173
39178
39203
39217
39227
39252
39260
39283
39291
39295
39309
39323
39326
39339
39348
39388
39393
39413
39419
39422
39429
39452
39456
39477
39498
39499
39505
39512
39528
39528
39542
39545
39561
39569
39572
39579
39582
39593
39597
39641
39643
39653
39676
39705
39724
39755
39756
39756
39772
39774
39775
39776
39786
39799
39802
39809
39830
39831
39846
39878
39880
39901
39902
39919
39923
39992
39997
40025
40049
40060
40062
40065
40092
40109
40115
40124
40148
40156
40161
40166
40187
40194
40196
40204
40216
40244
40293
40300
40305
40307
40308
40311
40338
40387
40391
40409
40423
40424
40439
40450
40501
40539
40541
40548
40553
40558
40563
40570
40576
40584
40590
40616
40618
40619
40632
40633
40657
40660
40666
40683
40684
40733
40759
40763
40769
40782
40807
40810
40830
40842
40849
40858
40860
40860
40869
40889
40901
40901
40902
40904
40923
40924
40963
40968
40988
40995
40997
41032
41038
41041
41047
41067
41075
41093
41097
41101
41121
41131
41152
41155
41159
41178
41187
41190
41197
41208
41222
41249
41265
41267
41291
41350
41363
41386
41388
41392
41428
41431
41438
41449
41450
41481
41497
41502
41514
41523
41526
41530
41542
41546
41590
41593
41595
41598
41599
41604
41611
41643
41652
41672
41690
41727
41740
41832
41849
41859
41883
41895
41947
41949
42002
42015
42017
42027
42034
42055
42056
42058
42070
42079
42081
42089
42127
42129
42156
42159
42162
42168
42181
42203
42207
42247
42268
42296
42296
42308
42372
42439
42458
42462
42464
42476
42478
42507
42509
42509
42515
42521
42522
42527
42539
42540
42548
42562
42562
42637
42640
42647
42652
42654
42681
42723
42740
42740
42824
42838
42840
42862
42866
42876
42888
42895
42918
42935
42956
42978
42979
42985
42994
43021
43054
43084
43098
43104
43120
43121
43122
43127
43130
43143
43160
43170
43173
43187
43197
43200
43204
43205
43207
43214
43224
43235
43245
43261
43269
43306
43320
43320
43320
43320
43326
43335
43345
43346
43359
43387
43410
43419
43455
43472
43509
43514
43524
43559
43613
43615
43622
43634
43652
43660
43666
43668
43678
43679
43686
43690
43694
43704
43740
43750
43754
43766
43766
43771
43782
43783
43795
43804
43813
43815
43841
43871
43908
43923
43948
43953
43960
43968
43977
43986
43991
44005
44011
44016
44026
44027
44027
44032
44048
44069
44085
44086
44089
44100
44107
44109
44111
44117
44136
44138
44146
44150
44152
44168
44182
44192
44193
44202
44203
44204
44208
44238
44303
44325
44332
44334
44344
44374
44374
44386
44397
44409
44448
44455
44465
44471
44512
44518
44559
44566
44568
44576
44624
44627
44632
44663
44693
44697
44708
44732
44741
44766
44776
44785
44817
44822
44825
44838
44862
44896
44899
44906
44927
44929
44932
44943
44945
44951
44963
45018
45020
45026
45045
45047
45050
45095
45135
45141
45161
45161
45165
45180
45181
45192
45198
45198
45199
45206
45207
45276
45277
45294
45308
45318
45325
45338
45352
45383
45401
45419
45424
45430
45434
45436
45440
45462
45462
45479
45502
45523
45533
45533
45549
45574
45576
45585
45608
45609
45618
45645
45658
45698
45699
45729
45732
45738
45764
45774
45781
45784
45788
45799
45834
45837
45849
45854
45862
45888
45941
45942
45956
45958
45961
45967
45972
45986
46007
46024
46029
46033
46053
46060
46112
46113
46113
46122
46192
46209
46211
46222
46226
46228
46233
46237
46244
46250
46251
46251
46257
46266
46268
46268
46294
46303
46305
46313
46328
46337
46353
46393
46404
46427
46428
46469
46472
46485
46487
46489
46505
46508
46537
46542
46547
46557
46619
46620
46629
46640
46643
46676
46711
46722
46744
46792
46795
46805
46811
46812
46813
46829
46835
46843
46852
46854
46857
46895
46922
46938
46944
46966
46971
46990
47006
47014
47016
47022
47039
47041
47051
47054
47068
47077
47088
47103
47104
47111
47117
47135
47143
47147
47151
47173
47183
47194
47215
47216
47239
47251
47275
47277
47293
47309
47318
47340
47341
47346
47347
47380
47416
47417
47421
47423
47423
47429
47430
47453
47458
47479
47500
47518
47568
47572
47587
47598
47605
47609
47615
47644
47651
47653
47667
47690
47697
47710
47728
47732
47791
47804
47808
47858
47859
47882
47899
47921
47936
47965
47971
47988
48006
48018
48019
48025
48030
48042
48056
48075
48094
48095
48099
48100
48105
48106
48107
48109
48129
48199
48200
48209
48211
48215
48225
48240
48253
48270
48317
48326
48337
48340
48346
48366
48369
48379
48402
48420
48432
48445
48447
48458
48495
48509
48509
48528
48545
48545
48557
48569
48572
48590
48596
48606
48619
48620
48664
48679
48682
48694
48729
48738
48739
48743
48758
48762
48772
48772
48772
48779
48807
48832
48833
48837
48868
48868
48869
48874
48879
48881
48882
48888
48920
48930
48937
48945
48945
48960
48979
48984
49004
49015
49053
49074
49091
49099
49136
49138
49143
49152
49170
49171
49183
49192
49198
49203
49208
49224
49225
49234
49241
49263
49266
49270
49276
49295
49298
49301
49305
49322
49331
49337
49356
49359
49373
49406
49419
49432
49455
49467
49468
49471
49480
49499
49511
49514
49520
49520
49526
49540
49599
49601
49606
49608
49611
49630
49632
49667
49694
49702
49709
49714
49732
49736
49749
49755
49776
49801
49836
49840
49841
49841
49849
49852
49852
49857
49865
49877
49885
49887
49896
49899
49907
49907
49923
49923
49935
49944
49949
49950
49959
49979
50015
50034
50042
50056
50067
50070
50100
50122
50124
50128
50137
50143
50152
50183
50198
50201
50201
50201
50227
50228
50243
50273
50275
50276
50287
50291
50294
50302
50304
50306
50320
50324
50327
50333
50334
50429
50446
50448
50448
50450
50451
50459
50469
50485
50494
50499
50501
50503
50512
50527
50528
50558
50559
50561
50562
50576
50583
50607
50615
50636
50657
50671
50675
50675
50676
50681
50700
50712
50724
50758
50780
50798
50812
50821
50838
50848
50875
50895
50902
50903
50904
50911
50921
50922
50939
50952
50964
50993
51001
51025
51057
51058
51085
51087
51097
51102
51103
51125
51143
51146
51150
51157
51181
51186
51193
51210
51243
51259
51263
51286
51291
51299
51315
51320
51325
51334
51335
51335
51355
51385
51392
51395
51405
51437
51448
51451
51479
51487
51495
51507
51511
51531
51539
51554
51565
51571
51574
51583
51584
51591
51602
51611
51635
51640
51642
51665
51700
51706
51706
51723
51724
51731
51735
51739
51742
51755
51758
51760
51774
51775
51781
51806
51813
51822
51832
51845
51917
51927
51956
51960
51965
51969
51991
51994
51994
52014
52037
52043
52065
52071
52088
52089
52098
52111
52125
52144
52149
52172
52190
52199
52205
52206
52232
52241
52241
52243
52266
52267
52299
52303
52342
52343
52345
52349
52351
52386
52402
52424
52457
52470
52495
52510
52513
52514
52544
52570
52584
52584
52587
52607
52612
52613
52655
52660
52670
52677
52683
52689
52692
52696
52700
52703
52707
52723
52725
52727
52731
52748
52755
52770
52782
52796
52846
52854
52870
52872
52872
52875
52888
52890
52905
52924
52926
52948
52969
52972
52989
52989
53008
53010
53037
53039
53046
53049
53070
53073
53101
53116
53129
53132
53147
53150
53161
53182
53188
53191
53203
53211
53213
53225
53248
53286
53317
53324
53333
53340
53342
53345
53351
53355
53356
53380
53381
53397
53402
53408
53434
53434
53443
53445
53448
53451
53454
53456
53470
53474
53474
53476
53481
53520
53535
53546
53552
53561
53569
53586
53589
53605
53610
53636
53642
53645
53657
53695
53697
53698
53701
53703
53705
53718
53724
53737
53741
53744
53750
53763
53782
53782
53808
53810
53819
53840
53874
53885
53891
53892
53908
53935
53935
53957
53967
53983
53990
53994
54000
54011
54017
54058
54063
54064
54066
54097
54099
54108
54122
54147
54155
54169
54171
54173
54174
54183
54196
54197
54213
54223
54226
54253
54294
54296
54342
54356
54360
54360
54365
54366
54397
54403
54423
54435
54446
54455
54462
54469
54489
54491
54495
54503
54510
54564
54565
54576
54585
54601
54616
54627
54643
54652
54670
54671
54680
54705
54713
54717
54723
54735
54742
54746
54747
54765
54779
54782
54784
54861
54863
54870
54881
54891
54892
54907
54934
54957
54989
54994
55001
55012
55014
55021
55029
55051
55081
55083
55092
55112
55116
55137
55141
55143
55148
55173
55175
55178
55184
55188
55195
55196
55203
55207
55222
55238
55261
55265
55266
55289
55319
55325
55328
55337
55355
55356
55365
55372
55407
55413
55414
55415
55486
55491
55511
55530
55535
55542
55593
55601
55608
55615
55618
55622
55634
55637
55645
55651
55654
55672
55677
55677
55683
55687
55695
55707
55708
55726
55733
55765
55779
55789
55791
55800
55840
55853
55856
55856
55863
55866
55867
55882
55904
55915
55916
55952
55957
55959
55960
55965
55989
56009
56014
56015
56045
56055
56064
56098
56103
56110
56116
56152
56157
56167
56173
56196
56198
56208
56211
56221
56234
56244
56253
56262
56265
56267
56284
56307
56312
56322
56323
56332
56337
56338
56340
56342
56350
56351
56355
56356
56375
56423
56441
56456
56459
56460
56461
56497
56505
56533
56554
56576
56580
56587
56589
56590
56591
56617
56621
56623
56630
56639
56648
56650
56654
56672
56672
56701
56703
56729
56742
56761
56785
56834
56856
56859
56874
56902
56913
56914
56920
56930
56960
56960
56970
56986
56987
57000
57007
57017
57044
57047
57051
57052
57064
57096
57106
57125
57171
57176
57180
57193
57199
57224
57232
57238
57247
57276
57280
57304
57325
57326
57329
57332
57332
57342
57353
57358
57378
57413
57443
57444
57449
57468
57476
57477
57479
57497
57498
57503
57515
57518
57527
57539
57555
57562
57598
57621
57624
57626
57634
57634
57635
57637
57639
57653
57684
57705
57725
57726
57726
57727
57759
57787
57789
57798
57822
57827
57892
57905
57914
57918
57947
57960
57967
57978
57996
58022
58045
58074
58097
58114
58133
58135
58145
58148
58163
58171
58178
58189
58200
58208
58209
58216
58235
58238
58246
58263
58266
58266
58268
58269
58285
58306
58310
58320
58320
58332
58337
58340
58349
58384
58386
58397
58417
58420
58435
58444
58453
58468
58479
58483
58486
58501
58525
58527
58529
58539
58540
58550
58556
58566
58629
58671
58674
58675
58700
58741
58753
58777
58794
58798
58803
58847
58847
58852
58853
58855
58862
58873
58882
58882
58896
58896
58910
58927
58933
58980
58988
59033
59037
59048
59059
59072
59073
59086
59097
59103
59127
59128
59133
59142
59153
59158
59183
59187
59207
59233
59240
59250
59260
59277
59283
59308
59328
59335
59338
59342
59376
59379
59391
59410
59418
59457
59476
59478
59480
59499
59501
59510
59533
59548
59556
59571
59608
59617
59629
59645
59653
59664
59672
59676
59680
59683
59696
59721
59722
59738
59745
59750
59779
59787
59792
59795
59795
59806
59807
59809
59825
59831
59856
59866
59877
59880
59891
59892
59908
59928
59940
59954
59960
59963
59979
59987
60016
60020
60032
60036
60043
60052
60064
60064
60078
60081
60088
60094
60123
60128
60129
60132
60147
60157
60167
60167
60175
60194
60202
60273
60313
60323
60325
60326
60354
60358
60361
60386
60393
60442
60445
60455
60456
60458
60480
60503
60521
60531
60551
60564
60578
60597
60603
60604
60658
60692
60700
60703
60726
60734
60750
60751
60755
60756
60757
60762
60801
60812
60825
60838
60844
60859
60863
60866
60871
60890
60950
60959
60973
60974
61001
61026
61054
61057
61086
61092
61095
61133
61134
61138
61143
61152
61153
61159
61162
61173
61184
61200
61214
61256
61260
61281
61286
61320
61320
61332
61357
61360
61398
61400
61423
61427
61433
61459
61460
61467
61475
61484
61484
61498
61535
61558
61562
61574
61575
61578
61579
61581
61581
61583
61587
61590
61601
61606
61609
61623
61633
61659
61667
61670
61677
61696
61706
61714
61737
61752
61769
61788
61813
61837
61844
61871
61882
61895
61898
61910
61925
61931
61931
61941
61977
62005
62015
62053
62062
62063
62075
62077
62094
62109
62116
62117
62125
62127
62131
62146
62164
62198
62209
62241
62261
62269
62276
62309
62316
62340
62343
62355
62357
62376
62406
62438
62470
62488
62497
62523
62532
62533
62534
62537
62545
62572
62580
62605
62633
62641
62675
62684
62691
62716
62717
62724
62725
62750
62776
62794
62795
62797
62798
62822
62845
62864
62867
62876
62907
62923
62927
62931
62932
62958
62972
62979
62980
62991
63002
63004
63040
63053
63092
63094
63099
63115
63116
63134
63169
63173
63178
63180
63184
63201
63210
63212
63214
63214
63222
63233
63238
63247
63272
63298
63309
63328
63355
63379
63388
63388
63389
63390
63391
63391
63391
63409
63410
63419
63424
63435
63446
63449
63450
63455
63463
63477
63491
63497
63498
63518
63525
63536
63539
63546
63547
63584
63638
63661
63669
63671
63678
63681
63681
63690
63703
63738
63747
63768
63777
63805
63808
63830
63831
63831
63837
63846
63869
63880
63888
63891
63900
63913
63944
63959
63961
63963
63964
63981
64008
64009
64011
64013
64015
64017
64024
64024
64046
64087
64094
64107
64120
64125
64158
64191
64211
64225
64236
64239
64247
64265
64280
64281
64287
64299
64300
64312
64323
64324
64327
64330
64332
64335
64345
64348
64351
64352
64352
64356
64358
64367
64370
64388
64394
64394
64403
64419
64467
64500
64505
64514
64533
64579
64589
64598
64600
64601
64602
64629
64636
64654
64675
64681
64681
64703
64730
64744
64746
64747
64759
64781
64784
64786
64792
64798
64844
64844
64858
64860
64874
64875
64884
64888
64892
64901
64925
64930
64932
64934
64942
64958
64958
64992
65024
65033
65041
65047
65050
65082
65118
65123
65133
65149
65150
65155
65155
65188
65191
65223
65237
65247
65258
65283
65297
65307
65314
65324
65329
65332
65339
65341
65354
65388
65388
65390
65406
65409
65410
65426
65434
65438
65448
65455
65456
65464
65470
65474
65475
65484
65503
65515
65519
65533
65549
65553
65559
65565
65572
65579
65580
65581
65583
65588
65601
65614
65620
65624
65636
65643
65681
65684
65688
65696
65717
65750
65787
65816
65844
65872
65900
65912
65935
65957
65968
65969
65983
65985
65987
66000
66014
66015
66054
66065
66090
66097
66103
66119
66123
66129
66141
66142
66148
66157
66160
66193
66206
66213
66260
66272
66279
66283
66295
66300
66301
66327
66330
66330
66330
66335
66361
66365
66371
66401
66411
66421
66424
66437
66470
66475
66500
66501
66507
66576
66585
66598
66612
66627
66628
66634
66645
66648
66665
66669
66672
66679
66681
66682
66693
66697
66770
66775
66776
66780
66805
66806
66826
66828
66835
66842
66848
66852
66853
66860
66862
66865
66942
66981
66985
66988
67012
67018
67028
67036
67108
67134
67140
67158
67170
67180
67181
67193
67199
67242
67248
67259
67264
67269
67273
67288
67295
67313
67318
67331
67341
67355
67367
67375
67391
67396
67402
67443
67447
67472
67486
67519
67525
67533
67545
67562
67573
67573
67579
67595
67603
67606
67610
67616
67648
67656
67659
67669
67681
67682
67685
67690
67699
67708
67734
67738
67754
67763
67768
67774
67788
67816
67833
67837
67847
67849
67850
67855
67856
67891
67906
67910
67911
67913
67925
67964
67965
67971
67983
68003
68052
68064
68087
68092
68094
68100
68101
68107
68114
68120
68128
68136
68149
68167
68174
68176
68212
68218
68228
68245
68255
68268
68275
68283
68286
68287
68297
68312
68342
68357
68365
68366
68368
68371
68372
68384
68400
68403
68438
68445
68446
68474
68482
68499
68511
68524
68545
68552
68585
68594
68606
68619
68631
68655
68656
68672
68715
68744
68746
68746
68763
68780
68799
68833
68862
68866
68867
68876
68934
68946
68951
68970
68982
69005
69022
69036
69042
69046
69082
69085
69109
69116
69117
69133
69140
69146
69160
69181
69192
69200
69203
69218
69252
69259
69285
69295
69304
69319
69319
69321
69323
69336
69346
69373
69384
69389
69395
69398
69414
69460
69463
69486
69499
69510
69544
69555
69560
69562
69587
69614
69621
69631
69651
69666
69681
69721
69723
69745
69748
69748
69752
69770
69782
69792
69799
69832
69836
69864
69878
69886
69888
69889
69894
69899
69901
69908
69925
69932
69948
69949
69955
69976
69978
69980
69982
70005
70028
70031
70033
70043
70051
70063
70071
70084
70085
70094
70096
70100
70102
70106
70121
70140
70164
70176
70177
70217
70221
70245
70245
70249
70254
70258
70287
70292
70298
70329
70335
70370
70390
70413
70419
70474
70491
70497
70527
70532
70543
70607
70608
70630
70661
70669
70677
70680
70683
70702
70726
70731
70735
70737
70738
70743
70757
70759
70765
70777
70779
70788
70809
70827
70850
70871
70893
70923
70925
70949
70971
71028
71035
71052
71060
71068
71081
71087
71106
71129
71140
71148
71169
71239
71247
71250
71252
71290
71300
71302
71304
71317
71325
71334
71350
71352
71377
71380
71396
71403
71409
71417
71439
71457
71468
71470
71478
71499
71531
71539
71567
71571
71575
71577
71584
71586
71603
71618
71639
71653
71657
71676
71679
71821
71828
71834
71849
71858
71861
71863
71870
71872
71874
71891
71918
71938
71957
71957
71971
71995
72021
72063
72065
72073
72086
72119
72126
72129
72144
72155
72168
72182
72208
72217
72230
72267
72300
72301
72302
72317
72326
72348
72355
72358
72360
72382
72413
72440
72463
72465
72472
72492
72497
72515
72517
72525
72558
72560
72563
72569
72598
72617
72630
72649
72670
72677
72688
72703
72719
72725
72728
72769
72775
72789
72837
72868
72881
72887
72914
72921
72922
72933
72937
72937
72941
72949
72956
72958
72959
72982
72993
73008
73015
73028
73037
73038
73054
73062
73088
73103
73139
73156
73180
73203
73212
73224
73266
73291
73294
73302
73316
73320
73321
73333
73360
73370
73405
73409
73413
73475
73508
73510
73524
73531
73536
73556
73575
73578
73584
73592
73592
73624
73625
73640
73699
73719
73721
73739
73740
73757
73811
73818
73883
73896
73902
73904
73905
73914
73946
73948
73987
73994
74002
74018
74022
74025
74036
74043
74043
74047
74052
74078
74093
74093
74097
74100
74124
74131
74162
74175
74195
74201
74222
74246
74257
74267
74280
74291
74303
74305
74315
74339
74343
74361
74363
74371
74410
74413
74414
74426
74450
74462
74469
74477
74494
74502
74504
74516
74523
74524
74525
74528
74530
74534
74555
74584
74587
74603
74605
74606
74627
74670
74670
74673
74679
74709
74712
74731
74745
74747
74752
74769
74775
74777
74784
74787
74788
74789
74820
74880
74892
74896
74909
74911
74927
74928
74943
74952
74959
74971
75009
75021
75030
75044
75072
75075
75091
75094
75096
75098
75102
75107
75123
75127
75142
75152
75183
75203
75231
75236
75239
75267
75280
75338
75368
75378
75401
75401
75429
75434
75442
75445
75448
75450
75461
75461
75466
75471
75472
75485
75493
75494
75496
75550
75555
75562
75586
75596
75610
75610
75611
75618
75638
75646
75693
75697
75727
75738
75757
75761
75779
75779
75789
75797
75802
75804
75818
75825
75846
75846
75846
75847
75860
75866
75880
75883
75896
75920
75954
75971
76000
76013
76037
76046
76048
76052
76054
76071
76085
76090
76090
76099
76121
76131
76140
76145
76175
76235
76237
76274
76285
76292
76293
76296
76310
76332
76338
76357
76363
76394
76396
76396
76412
76454
76455
76458
76463
76487
76489
76489
76496
76510
76513
76518
76523
76541
76541
76544
76555
76562
76569
76581
76583
76592
76601
76608
76652
76654
76662
76666
76669
76670
76692
76712
76732
76733
76734
76734
76740
76740
76759
76772
76779
76792
76797
76808
76808
76811
76815
76821
76830
76862
76865
76871
76913
76913
76922
76925
76929
76932
76935
76970
77005
77011
77038
77046
77060
77105
77105
77110
77117
77118
77118
77120
77144
77151
77176
77185
77187
77193
77207
77211
77218
77228
77229
77257
77259
77259
77265
77302
77320
77329
77338
77387
77390
77421
77422
77425
77468
77475
77483
77513
77518
77536
77538
77561
77578
77581
77584
77595
77607
77608
77623
77632
77654
77659
77677
77699
77707
77711
77746
77754
77772
77781
77797
77817
77825
77830
77852
77895
77898
77913
77919
77957
77974
77979
78021
78042
78058
78064
78128
78183
78194
78195
78197
78214
78240
78246
78254
78294
78302
78314
78323
78336
78337
78371
78372
78402
78407
78419
78429
78432
78461
78463
78470
78476
78481
78482
78485
78493
78493
78543
78553
78561
78566
78578
78582
78610
78631
78637
78660
78666
78676
78696
78717
78734
78738
78739
78751
78767
78793
78800
78812
78817
78832
78835
78840
78856
78877
78901
78906
78918
78931
78937
78938
78949
78959
78990
78995
79013
79039
79047
79065
79070
79108
79109
79109
79124
79133
79145
79166
79215
79224
79251
79263
79280
79308
79318
79327
79330
79339
79353
79370
79371
79391
79392
79395
79398
79403
79424
79447
79448
79492
79507
79521
79523
79534
79550
79594
79629
79630
79654
79660
79671
79671
79688
79691
79702
79732
79733
79742
79745
79746
79773
79778
79790
79796
79797
79801
79810
79830
79842
79859
79885
79904
79916
79927
79930
79945
79947
79971
79998
80006
80020
80043
80061
80073
80095
80099
80100
80128
80143
80157
80167
80178
80180
80182
80215
80221
80232
80244
80245
80275
80306
80312
80324
80332
80340
80367
80394
80399
80401
80428
80451
80461
80481
80487
80490
80509
80514
80515
80528
80531
80548
80548
80552
80553
80559
80572
80606
80620
80622
80631
80631
80651
80662
80667
80688
80720
80734
80734
80752
80753
80768
80780
80788
80801
80829
80840
80845
80900
80915
80926
80926
80938
80961
80968
80971
81004
81031
81034
81056
81063
81106
81108
81125
81171
81176
81181
81182
81193
81198
81229
81255
81258
81264
81269
81270
81312
81323
81324
81347
81355
81380
81391
81408
81430
81445
81445
81453
81463
81464
81491
81492
81544
81553
81558
81568
81570
81584
81585
81601
81609
81620
81621
81623
81650
81702
81706
81720
81728
81730
81731
81743
81745
81751
81754
81758
81763
81773
81776
81788
81789
81790
81808
81827
81842
81855
81870
81879
81888
81901
81909
81912
81932
81942
81945
81991
81997
82007
82018
82024
82047
82062
82068
82078
82097
82108
82112
82117
82127
82131
82140
82150
82153
82160
82168
82175
82195
82209
82224
82225
82234
82236
82236
82237
82274
82274
82277
82310
82314
82314
82346
82378
82383
82385
82388
82398
82405
82406
82417
82424
82426
82462
82466
82490
82491
82497
82517
82527
82541
82542
82550
82567
82567
82572
82591
82593
82598
82603
82606
82652
82658
82673
82681
82695
82702
82711
82716
82728
82730
82765
82780
82812
82829
82835
82836
82838
82841
82845
82850
82872
82887
82888
82905
82919
82921
82924
82950
82960
82983
82990
83008
83009
83018
83026
83050
83051
83069
83086
83087
83091
83117
83129
83154
83172
83210
83214
83225
83230
83244
83269
83274
83281
83282
83287
83325
83331
83341
83350
83351
83360
83385
83386
83421
83443
83448
83450
83453
83473
83475
83476
83495
83506
83515
83523
83525
83537
83544
83550
83555
83575
83589
83600
83608
83614
83628
83676
83702
83704
83713
83722
83735
83735
83739
83744
83753
83754
83755
83757
83762
83791
83798
83801
83802
83806
83812
83813
83845
83848
83851
83862
83869
83871
83888
83893
83903
83903
83930
83930
83949
83997
84007
84019
84029
84030
84057
84060
84070
84073
84084
84101
84113
84134
84137
84140
84141
84143
84166
84184
84189
84226
84251
84287
84301
84307
84307
84333
84350
84366
84389
84397
84414
84444
84492
84503
84537
84543
84548
84561
84564
84608
84628
84628
84645
84645
84647
84692
84703
84712
84729
84764
84771
84776
84777
84785
84807
84812
84812
84832
84864
84888
84903
84917
84939
84946
84946
84959
84980
84980
84989
84990
85043
85048
85061
85063
85088
85103
85127
85148
85167
85177
85186
85190
85196
85197
85197
85200
85212
85212
85220
85230
85231
85254
85261
85268
85294
85296
85309
85353
85363
85395
85413
85428
85435
85443
85446
85480
85480
85492
85504
85518
85527
85548
85551
85565
85579
85586
85600
85606
85619
85622
85631
85636
85677
85679
85680
85708
85710
85711
85716
85719
85723
85747
85748
85761
85762
85767
85777
85778
85803
85810
85820
85821
85843
85847
85853
85862
85865
85892
85896
85945
85961
85972
85973
85974
85976
85980
85987
86004
86020
86021
86025
86032
86034
86044
86054
86068
86107
86115
86127
86144
86144
86156
86172
86178
86188
86191
86217
86234
86240
86241
86241
86257
86270
86281
86332
86335
86347
86348
86351
86354
86365
86367
86369
86376
86429
86443
86462
86497
86500
86505
86510
86516
86517
86539
86594
86640
86648
86660
86666
86667
86686
86742
86747
86771
86796
86805
86814
86820
86844
86852
86858
86875
86900
86908
86911
86912
86946
86969
86976
87015
87041
87049
87057
87071
87074
87079
87083
87111
87126
87159
87159
87171
87193
87196
87198
87214
87215
87216
87238
87246
87261
87283
87284
87292
87294
87306
87310
87318
87320
87349
87367
87374
87376
87383
87410
87433
87463
87517
87522
87527
87579
87614
87615
87644
87651
87659
87662
87673
87677
87682
87694
87724
87740
87749
87763
87787
87802
87804
87810
87818
87821
87828
87836
87862
87866
87894
87900
87926
87930
87932
87934
87948
87950
87958
87977
87992
87994
88355
88720
89033
90023
90270
90419
90730
90869
91169
91391
91470
91858
92389
92682
92795
93079
93314
93454
94022
94166
94556
94881
96008
96044
96185
96379
96517
96741
96901
97385
97484
98148
98472
99278
99323
99757
100209
100417
100744
100987
101069
101407
101824
102088
102433
103227
103445
103737
103906
104110
104229
104492
104611
104683
105225
105674
106318
106933
107357
107512
107607
107862
107931
108652
109379
109503
110023
110572
111044
111709
111971
112566
112581
112954
113168
113455
113665
113950
114282
114394
114448
114489
115188
116081
116104
116223
116367
116373
117208
117589
117627
119567
119953
119989
119997
120400
120539
120573
121149
121666
121669
122056
122294
122683
122820
122827
122895
122925
123205
123417
123914
124245
125268
125571
125923
126101
126335
126656
127102
127791
128057
128114
128559
128595
128773
129755
129836
130958
131212
131272
131602
131930
132142
132274
133326
133759
134276
135061
135295
135334
136414
137086
137480
138160
138461
138591
138712
139471
139505
139986
140332
140928
142353
142652
142674
142759
142791
142965
143794
144086
144413
144557
144597
145008
145041
145565
146773
146776
147566
147659
148052
148523
148729
149542
149553
149983
150134
150233
150877
151111
151276
151812
151868
153179
153223
153521
153576
153921
154573
155677
155889
155965
156049
156191
156799
157073
157846
158295
159574
159771
160103
160397
160403
160671
160774
160946
160972
161084
161092
161477
162628
163357
163444
164813
164841
164883
165520
165915
165962
166231
166319
166682
166732
166990
167378
167396
168039
168230
168328
168534
169324
169710
170249
170258
170394
171287
172490
172860
173085
173131
173622
173690
174532
174580
174849
174987
175060
175141
176292
176906
177596
178405
178917
180992
181176
183452
184279
184280
186251
188518
189071
189431
190643
191102
191304
191926
192045
192553
193755
193791
194791
195437
195791
196591
197217
198841
199573
202655
202995
204058
204673
205999
206960
207422
207994
208653
209334
209938
210301
210320
210425
210764
210778
211005
212358
213720
213780
215701
215988
217355
218184
218469
219093
222753
223863
226287
230055
230358
231108
232094
232332
233217
233759
234540
234799
236206
236548
237172
237285
237642
237679
238250
238544
238853
239668
239847
240081
240792
241955
242069
242070
242101
242337
243266
243530
243547
243582
243973
244797
245019
246454
246542
246664
247300
247736
248052
250143
250255
251474
251851
252851
254644
256017
256065
257546
259178
260332
260981
262055
263048
264803
264806
265028
265236
265705
266185
266707
267496
269181
271986
272456
273326
278817
282754
286589
291966
294701
298397
304527
307234
309395
310365
311448
316845
318824
318829
319134
320649
323250
325639
325750
326074
326121
326441
330188
332623
334232
334727
335383
336387
340742
343121
346921
347466
348443
348501
350811
350844
354304
356648
356718
357340
361156
361967
362519
364198
364658
365783
367333
367537
369918
370357
370982
371100
371801
374003
374963
376038
378218
378323
379521
381492
383495
383933
384132
386496
389176
389950
392916
394213
394724
395242
395397
395462
395808
396526
397046
397769
397982
398802
399935
400012
401323
401476
401726
403283
403901
404160
405564
405881
407346
408766
409533
411716
413026
413047
414142
414669
415041
416707
419233
422929
426225
426662
427509
428241
430017
431903
432424
433012
433962
435898
436764
436927
438512
439126
439435
439520
440892
442691
445714
446395
447271
448238
451650
451659
454196
457367
458215
458701
461056
462368
463475
464957
465562
465861
467485
467735
470002
474117
474878
475859
476816
477077
477319
477956
478629
480102
481523
483807
483952
485084
485485
485618
485736
485958
486926
487583
490382
493501
493868
494537
494632
497061
500818
501028
502187
503456
504144
504787
505525
506783
507621
513126
515167
515807
518287
519152
520015
521926
522072
523647
528051
529276
537158
541300
543797
543969
547612
549573
551536
552129
553085
555322
556590
565288
575138
575472
575833
576303
578738
580644
592080
596475
598718
600489
601069
601323
602357
606233
609356
610762
612275
613697
622344
628404
635420
684545
689450
697798
701172
703936
717284
743310
755553
756656
762181
775087
785252
791832
820814
828398
830328
837324
846729
848589
851278
872803
894105
894660
897228
897830
905063
909150
913905
914245
921290
925629
931874
944514
946093
956466
957972
958873
969119
969223
969241
970689
970711
971627
973947
975650
976445
978395
979150
979230
980729
982154
982179
983535
985442
986474
987918
990506
990707
991254
991603
991743
992527
994115
995275
996593
996616
997512
1004335
1005734
1005922
1006043
1006166
1006754
1007449
1012311
1012825
1014246
1014673
1015514
1016878
1018447
1019081
1019185
1020647
1020962
1021839
1022437
1023344
1023605
1023606
1024048
1024095
1024385
1026106
1026722
1027320
1027378
1029795
1030465
1031124
1033503
1034617
1035146
1039221
1040553
1044226
1047900
1048685
1051164
1051417
1052145
1052156
1052474
1054276
1054539
1054772
1055255
1149641
1174516
1177781
1189853
1206917
1216547
1229355
1231765
1241793
1246592
1253627
1255546
1256246
1268542
1291829
1293226
1329745
1330464
1336919
1338744
1340402
1340863
1345088
1346217
1355114
1357767
1358642
1359778
1375539
1379485
1391550
1394057
1412646
1422266
1426098
1452593
1463274
1482213
1493603
1495176
1515145
1523433
1525894
1544169
1553524
1554708
1568809
1569023
1586130
1607179
1646990
1650520
1661260
1664151
1667945
1668855
1676224
1679323
1685785
1687766
1693151
1700552
1705932
1707284
1708244
1708347
1719617
1724382
1729035
1729196
1734771
1735347
1741326
1742772
1743197
1745212
1745642
1746672
1753996
1757997
1762259
1778952
1784615
1796655
1835329
1835412
1838186
1844213
1854746
1858810
1868234
1886262
1891920
1906459
1922353
1927490
1936906
1938577
1941473
1943558
1947170
1969174
1973388
1986072
1992760
1993788
2003212
2007236
2012004
2015703
2017104
2020901
2027446
2027640
2046641
2055038
2066921
2070481
2075961
2089733
2113342
2148500
2153963
2170449
2173748
2175972
2176410
2193202
2473458
2473820
2476489
2484357
2485111
2494101
2529791
2535686
2553508
2557977
2558862
2571695
2576237
2581071
2581123
2582570
2583125
2586545
2587327
2588487
2590570
2593166
2594799
2598006
2599994
2600983
2602573
2602584
2615852
2633908
2634476
2638114
2652202
2664446
2678121
2701345
2701837
2708295
2716278
2716856
2733758
2736607
2741925
2748099
2754108
2755050
2755562
2756341
2768243
2783157
2787537
2789185
2794724
2797254
2798498
2810307
2833338
2838716
2843131
2843628
2855301
2864238
2869276
2869639
2869824
2869925
2873459
2881352
2886969
2895741
2896016
2903569
2911024
2915843
2917123
2920304
2920374
2924666
2927844
2927993
2929857
2934190
2935229
2935510
2943462
2950305
2952895
2956355
2959246
2962617
2980939
2985375
2985443
2986170
2987031
2987867
2994076
2998287
3001674
3003875
3021541
3021656
3032293
3040293
3043298
3055826
3059836
3064137
3064247
3073227
3073679
3074182
3199064
3205039
3214775
3218359
3225551
3230465
3236873
3242745
3256369
3281461
3292818
3298707
3304791
3313244
3337223
3340895
3362073
3388003
3396998
3398240
3412932
3415946
3419996
3429131
3443951
3466541
3472006
3474043
3477702
3488402
3498635
3517261
3647454
3649503
3653747
3661631
3669035
3673339
3685533
3693859
3890244
3901320
3904777
3911914
3943918
3945563
3946035
3948063
4059384
4063408
4065136
4065780
4072919
4076548
4090699
4091720
4094001
4096784
4100564
4114883
4115919
4119017
4122749
4129807
4843445
4846116
4870658
4877415
4882738
4882954
4903156
4921571
4942797
4951080
4954005
4972176
4975960
4978311
4979292
4997508
5287377
5289700
5327178
5328505
5330005
5333978
5354072
5364485
5571600
5586813
5593453
5597241
5610963
5615640
5626752
5629339
5824579
5826752
5831316
5832789
5845203
5854456
5862639
5879932
5900413
5901211
5904078
5912498
5916191
5927666
5952120
5969585
5984289
5988761
5996642
5997028
6015474
6044157
6061671
6065648
6522412
6528802
6532743
6545198
6559049
6564024
6568293
6582912
6867681
6885385
6888362
6892603
6926150
6935477
6945037
6945124
8187283
8190806
8202763
8202837
8230535
8258868
8262111
8262524
8272182
8294403
8297402
8306616
8310348
8313341
8325684
8328204
8725318
8729112
8737899
8746349
8751405
8768718
8773999
8778650