40
49
56
57
73
102
104
125
142
151
162
173
200
261
278
297
299
312
319
323
327
331
339
340
357
363
366
407
429
470
506
523
534
535
557
591
618
626
636
657
715
716
730
734
740
749
751
763
773
808
832
842
858
870
906
915
926
928
948
957
969
1044
1046
1050
1054
1088
1100
1111
1123
1125
1136
1138
1140
1142
1163
1167
1170
1174
1175
1180
1182
1202
1212
1218
1228
1248
1249
1257
1268
1269
1279
1286
1306
1323
1344
1352
1361
1362
1405
1415
1418
1420
1436
1441
1453
1470
1488
1512
1549
1554
1555
1565
1576
1626
1627
1649
1654
1655
1668
1670
1671
1674
1683
1703
1713
1715
1719
1737
1748
1761
1763
1804
1820
1821
1849
1859
1865
1865
1870
1876
1889
1890
1912
1970
1979
1993
2027
2038
2047
2056
2056
2068
2082
2083
2090
2118
2136
2137
2145
2166
2171
2172
2173
2173
2176
2179
2193
2203
2204
2211
2216
2242
2258
2266
2267
2295
2313
2313
2315
2318
2349
2358
2365
2378
2379
2386
2428
2444
2453
2454
2468
2503
2514
2518
2521
2528
2545
2552
2576
2578
2592
2620
2631
2634
2660
2687
2695
2697
2750
2763
2776
2781
2782
2796
2796
2803
2816
2818
2825
2834
2868
2881
2883
2888
2891
2911
2928
2932
2936
2961
2967
2973
2997
3011
3021
3024
3025
3028
3033
3038
3050
3073
3087
3088
3096
3134
3142
3142
3173
3180
3189
3192
3196
3201
3204
3208
3209
3216
3238
3291
3315
3321
3341
3364
3373
3398
3400
3415
3417
3441
3463
3493
3516
3517
3528
3530
3539
3544
3551
3564
3625
3643
3644
3647
3656
3656
3686
3688
3689
3714
3727
3730
3759
3766
3772
3780
3795
3806
3834
3850
3874
3929
3939
3966
3992
3993
4000
4008
4064
4080
4094
4097
4107
4114
4128
4131
4144
4150
4151
4153
4164
4171
4181
4181
4182
4208
4209
4217
4218
4219
4233
4235
4241
4248
4314
4329
4337
4348
4352
4379
4381
4407
4409
4456
4459
4460
4518
4528
4559
4583
4612
4613
4684
4735
4736
4738
4746
4748
4753
4821
4830
4839
4857
4882
4908
4914
4923
4924
4937
4937
4939
4939
4944
4951
4978
5003
5010
5021
5056
5069
5088
5098
5108
5110
5118
5127
5132
5144
5172
5180
5210
5242
5248
5262
5269
5273
5303
5336
5343
5347
5348
5360
5371
5388
5403
5407
5416
5460
5463
5478
5478
5496
5506
5533
5557
5562
5562
5598
5599
5602
5607
5633
5641
5667
5677
5691
5709
5711
5716
5720
5760
5765
5779
5787
5787
5793
5793
5808
5839
5857
5866
5890
5903
5914
5922
5939
5948
5948
5954
5964
5965
6016
6050
6065
6079
6091
6092
6104
6117
6118
6133
6140
6144
6150
6155
6159
6162
6171
6174
6184
6195
6215
6232
6233
6235
6245
6245
6264
6311
6315
6318
6319
6327
6347
6351
6389
6399
6404
6423
6424
6428
6438
6439
6453
6470
6486
6509
6522
6534
6540
6541
6552
6562
6568
6575
6578
6597
6619
6622
6642
6645
6702
6705
6708
6720
6725
6737
6741
6757
6761
6779
6787
6798
6804
6847
6857
6862
6875
6884
6886
6912
6918
6933
6951
6969
6988
7007
7022
7031
7038
7077
7080
7084
7084
7103
7125
7125
7148
7163
7170
7188
7192
7196
7200
7230
7234
7243
7291
7294
7298
7302
7306
7309
7311
7327
7332
7334
7345
7362
7377
7382
7405
7406
7426
7430
7438
7440
7463
7476
7497
7518
7521
7535
7545
7583
7585
7587
7607
7651
7664
7672
7708
7730
7740
7748
7762
7762
7764
7765
7815
7818
7822
7825
7834
7836
7846
7878
7882
7902
7903
7909
7911
7919
7923
7944
7953
7954
7966
8016
8052
8078
8092
8129
8145
8177
8180
8180
8193
8205
8230
8244
8254
8260
8314
8316
8322
8374
8378
8389
8406
8410
8424
8433
8454
8467
8484
8505
8508
8517
8525
8526
8559
8575
8577
8631
8658
8662
8673
8688
8691
8715
8724
8740
8753
8761
8774
8784
8844
8897
8916
8920
8925
8943
8972
8978
8983
8988
8999
9019
9028
9031
9037
9042
9064
9072
9073
9083
9088
9090
9115
9152
9153
9153
9191
9202
9215
9231
9231
9251
9320
9324
9324
9326
9333
9368
9375
9393
9405
9407
9429
9451
9452
9462
9487
9492
9515
9519
9519
9566
9579
9594
9606
9613
9625
9639
9674
9688
9702
9709
9747
9756
9783
9790
9795
9831
9835
9836
9844
9854
9854
9898
9902
9905
9907
9924
9952
9954
9976
9979
9984
10006
10009
10027
10035
10060
10060
10069
10072
10096
10102
10109
10145
10163
10172
10174
10177
10190
10198
10200
10202
10205
10228
10230
10244
10246
10252
10329
10343
10346
10362
10384
10410
10441
10443
10473
10477
10490
10502
10525
10528
10534
10551
10567
10575
10578
10611
10631
10641
10651
10671
10680
10681
10688
10721
10725
10746
10748
10754
10760
10762
10770
10772
10774
10775
10793
10797
10797
10823
10839
10843
10851
10861
10873
10877
10892
10917
10938
10950
10959
10975
10987
11015
11025
11067
11081
11089
11092
11116
11129
11130
11130
11135
11188
11236
11237
11254
11271
11281
11282
11295
11306
11329
11333
11335
11339
11353
11358
11363
11369
11396
11399
11419
11437
11459
11463
11472
11474
11479
11491
11508
11525
11526
11532
11540
11545
11553
11556
11558
11588
11602
11613
11653
11662
11671
11688
11704
11705
11715
11731
11733
11736
11744
11753
11776
11779
11779
11826
11827
11855
11859
11882
11892
11901
11910
11956
11960
11980
11983
11997
12024
12033
12043
12057
12090
12095
12110
12126
12151
12162
12165
12185
12229
12243
12248
12258
12261
12278
12280
12284
12303
12316
12352
12368
12386
12389
12395
12404
12427
12433
12441
12449
12455
12465
12485
12486
12508
12518
12548
12549
12567
12586
12640
12645
12646
12663
12677
12686
12689
12712
12712
12718
12723
12735
12755
12771
12778
12808
12823
12831
12836
12852
12863
12872
12872
12874
12876
12898
12911
12918
12921
12936
12945
12980
12988
12991
13002
13014
13016
13020
13020
13020
13022
13028
13047
13059
13074
13098
13119
13128
13133
13136
13141
13162
13194
13231
13274
13287
13298
13299
13312
13314
13320
13338
13352
13354
13355
13365
13375
13387
13397
13416
13423
13502
13505
13543
13570
13583
13604
13623
13657
13669
13670
13689
13693
13715
13721
13724
13738
13755
13766
13770
13775
13810
13820
13845
13851
13865
13892
13895
13904
13906
13926
13928
13948
13972
13985
14001
14004
14035
14073
14081
14086
14090
14095
14105
14124
14127
14130
14134
14178
14182
14186
14221
14230
14253
14275
14277
14287
14298
14308
14337
14339
14370
14381
14387
14405
14423
14480
14551
14559
14578
14579
14580
14604
14613
14628
14630
14637
14646
14668
14672
14677
14680
14682
14684
14691
14715
14720
14726
14726
14732
14787
14790
14799
14802
14862
14948
15026
15052
15073
15083
15102
15104
15114
15128
15131
15156
15170
15198
15200
15211
15213
15243
15255
15268
15275
15286
15286
15322
15327
15349
15371
15371
15382
15446
15451
15482
15508
15513
15549
15552
15554
15568
15635
15649
15653
15660
15681
15686
15686
15699
15710
15718
15722
15725
15733
15736
15749
15780
15796
15808
15813
15815
15862
15913
15915
15922
15933
15936
15990
15991
15998
16021
16145
16150
16195
16200
16218
16228
16240
16285
16295
16299
16306
16309
16327
16340
16370
16377
16378
16384
16399
16420
16429
16442
16488
16512
16515
16542
16579
16581
16590
16600
16600
16630
16654
16672
16688
16714
16719
16727
16746
16761
16767
16772
16786
16801
16814
16827
16827
16835
16836
16837
16846
16847
16881
16884
16888
16892
16899
16934
16945
16967
16968
17015
17028
17029
17040
17040
17043
17048
17067
17092
17096
17112
17114
17120
17165
17168
17181
17200
17209
17213
17224
17227
17231
17260
17278
17307
17310
17376
17380
17396
17399
17400
17408
17412
17413
17421
17428
17434
17450
17451
17467
17470
17477
17488
17489
17510
17523
17524
17525
17534
17544
17559
17559
17560
17606
17618
17641
17645
17651
17664
17674
17710
17710
17721
17736
17736
17737
17741
17759
17774
17798
17811
17815
17820
17848
17849
17858
17865
17874
17875
17890
17898
17920
17925
17941
17942
17948
17996
18009
18052
18062
18076
18087
18090
18093
18098
18118
18122
18157
18162
18221
18227
18256
18258
18261
18305
18318
18336
18365
18367
18371
18389
18395
18410
18417
18437
18445
18466
18477
18516
18534
18535
18543
18551
18556
18569
18575
18589
18606
18608
18624
18650
18664
18678
18681
18687
18690
18701
18714
18715
18720
18740
18749
18758
18782
18790
18798
18807
18833
18856
18887
18919
18919
18930
18947
18949
19008
19020
19022
19024
19038
19041
19051
19062
19063
19106
19108
19113
19118
19118
19164
19176
19181
19184
19187
19200
19214
19221
19262
19296
19310
19322
19324
19339
19353
19355
19359
19370
19370
19385
19400
19405
19420
19423
19426
19429
19433
19440
19443
19444
19447
19469
19506
19514
19515
19524
19530
19540
19544
19547
19552
19553
19575
19586
19597
19630
19633
19645
19656
19693
19720
19721
19739
19749
19750
19787
19810
19837
19853
19854
19857
19863
19866
19933
19945
19950
19971
19971
19990
20010
20016
20021
20032
20038
20042
20055
20082
20085
20086
20095
20100
20111
20119
20129
20133
20261
20271
20280
20285
20302
20345
20348
20353
20432
20469
20479
20519
20545
20550
20602
20609
20618
20628
20635
20647
20649
20660
20662
20673
20683
20711
20728
20732
20736
20738
20744
20773
20774
20780
20782
20819
20821
20838
20858
20861
20875
20933
20939
20940
20942
20959
20959
20963
20963
20969
20971
20976
20986
20995
21009
21020
21021
21022
21039
21051
21054
21058
21089
21093
21104
21113
21116
21131
21138
21140
21152
21165
21167
21176
21184
21184
21213
21228
21229
21254
21262
21268
21299
21302
21304
21313
21316
21325
21337
21369
21378
21395
21397
21461
21471
21481
21489
21525
21534
21563
21566
21575
21576
21586
21594
21620
21622
21636
21649
21658
21666
21667
21671
21685
21707
21711
21714
21750
21760
21778
21790
21793
21796
21798
21818
21829
21845
21851
21855
21858
21871
21880
21905
21915
21918
21974
22025
22028
22033
22073
22076
22079
22083
22119
22141
22150
22157
22181
22190
22192
22196
22232
22268
22275
22285
22286
22313
22381
22385
22409
22423
22446
22447
22454
22456
22474
22477
22480
22489
22494
22511
22513
22516
22534
22536
22566
22577
22577
22585
22586
22609
22619
22631
22650
22668
22669
22683
22685
22697
22698
22699
22719
22750
22754
22779
22786
22786
22799
22817
22818
22828
22867
22879
22880
22883
22905
22908
22914
22937
23051
23058
23106
23125
23140
23148
23158
23160
23162
23185
23223
23224
23237
23255
23267
23280
23281
23303
23303
23308
23317
23344
23350
23356
23378
23385
23404
23444
23471
23474
23481
23486
23487
23502
23523
23528
23549
23550
23564
23583
23603
23607
23628
23649
23677
23690
23691
23696
23732
23753
23817
23826
23874
23876
23889
23919
23936
23983
24001
24004
24021
24049
24054
24082
24120
24139
24143
24170
24184
24193
24212
24214
24216
24222
24240
24247
24252
24257
24262
24262
24262
24263
24266
24302
24330
24337
24380
24402
24406
24407
24432
24451
24452
24489
24511
24536
24540
24544
24557
24560
24565
24570
24613
24636
24643
24645
24647
24651
24672
24684
24687
24730
24738
24758
24778
24824
24838
24855
24874
24914
24920
24922
24938
24966
25030
25045
25091
25096
25107
25114
25166
25184
25194
25243
25249
25254
25292
25299
25301
25305
25314
25329
25338
25344
25363
25370
25375
25383
25386
25389
25431
25433
25464
25467
25479
25542
25545
25615
25626
25629
25636
25646
25647
25658
25693
25699
25706
25717
25719
25751
25754
25763
25772
25791
25800
25813
25831
25841
25854
25910
25941
25946
26016
26030
26040
26104
26114
26119
26180
26185
26200
26218
26219
26253
26259
26284
26288
26298
26320
26344
26349
26358
26360
26360
26413
26442
26449
26467
26477
26480
26483
26493
26496
26497
26514
26523
26530
26544
26552
26615
26620
26624
26654
26659
26662
26675
26682
26691
26742
26750
26754
26755
26758
26778
26786
26836
26839
26854
26875
26878
26880
26882
26883
26894
26902
26905
26926
26948
26955
26958
26998
27000
27006
27016
27045
27091
27136
27141
27151
27183
27208
27214
27224
27231
27234
27237
27263
27269
27321
27331
27336
27384
27411
27411
27421
27440
27441
27466
27474
27478
27482
27507
27518
27538
27551
27555
27574
27586
27600
27651
27669
27672
27674
27759
27767
27770
27771
27775
27794
27806
27811
27828
27838
27841
27844
27850
27852
27860
27873
27881
27914
27949
27999
28010
28014
28021
28033
28052
28069
28089
28106
28135
28177
28183
28191
28197
28210
28213
28224
28228
28238
28242
28245
28262
28263
28280
28285
28304
28321
28322
28330
28343
28350
28351
28364
28377
28385
28392
28403
28459
28531
28538
28555
28566
28610
28645
28646
28659
28672
28707
28716
28745
28753
28806
28831
28834
28856
28860
28870
28897
28900
28905
28923
28952
29000
29070
29070
29082
29084
29098
29148
29170
29194
29201
29211
29223
29231
29280
29294
29305
29340
29375
29394
29400
29437
29442
29468
29470
29470
29485
29498
29517
29546
29547
29553
29572
29596
29605
29612
29643
29666
29677
29691
29705
29718
29718
29723
29757
29776
29812
29815
29832
29861
29868
29894
29941
29957
29984
29986
29988
29996
30020
30041
30043
30045
30049
30099
30143
30151
30158
30170
30181
30181
30211
30233
30272
30287
30287
30291
30296
30298
30300
30303
30340
30358
30361
30389
30397
30431
30439
30448
30465
30498
30511
30517
30540
30565
30583
30595
30597
30634
30649
30678
30717
30719
30741
30757
30771
30797
30800
30809
30830
30849
30867
30888
30926
30937
30955
30978
30988
31029
31033
31041
31046
31065
31070
31076
31095
31106
31146
31170
31188
31190
31201
31222
31231
31237
31284
31318
31344
31344
31350
31382
31387
31391
31419
31428
31438
31475
31498
31517
31518
31568
31574
31574
31584
31639
31639
31697
31720
31723
31735
31747
31755
31761
31764
31779
31796
31796
31812
31825
31861
31901
31928
31936
31965
31981
31991
32000
32007
32072
32086
32088
32149
32162
32192
32196
32201
32231
32244
32298
32304
32321
32323
32326
32329
32357
32381
32396
32454
32456
32496
32496
32512
32536
32543
32546
32555
32562
32577
32586
32598
32615
32629
32641
32649
32652
32659
32696
32700
32701
32708
32717
32722
32753
32776
32791
32800
32857
32876
32878
32882
32888
32909
32910
32930
32987
32987
33002
33020
33032
33057
33073
33078
33082
33083
33084
33091
33100
33104
33113
33113
33127
33157
33169
33176
33177
33179
33184
33196
33210
33233
33235
33269
33273
33287
33290
33293
33302
33348
33375
33399
33407
33413
33434
33462
33468
33488
33536
33550
33553
33561
33563
33568
33600
33648
33651
33665
33678
33692
33720
33723
33724
33742
33750
33762
33832
33837
33842
33862
33887
33904
33913
33916
33922
33925
33940
33941
33967
33994
34006
34019
34087
34099
34117
34121
34129
34138
34142
34157
34163
34243
34265
34266
34270
34280
34280
34335
34353
34362
34386
34388
34416
34420
34442
34465
34471
34473
34483
34486
34498
34511
34542
34582
34588
34607
34608
34625
34629
34664
34687
34711
34716
34734
34764
34768
34770
34772
34773
34784
34787
34844
34876
34882
34899
34901
34918
34930
34934
34937
34942
34947
34947
34959
34979
34988
34992
35003
35077
35089
35099
35100
35132
35145
35164
35191
35237
35265
35266
35278
35289
35290
35314
35338
35347
35348
35391
35405
35432
35447
35454
35471
35511
35536
35545
35553
35554
35574
35579
35584
35596
35631
35635
35648
35655
35655
35661
35665
35685
35685
35689
35694
35722
35724
35744
35746
35753
35755
35784
35800
35807
35809
35813
35826
35828
35848
35853
35865
35875
35878
35892
35932
35940
35941
35942
35952
35966
35980
35992
36048
36052
36053
36084
36111
36116
36134
36177
36180
36195
36214
36265
36269
36274
36284
36294
36343
36349
36375
36404
36426
36445
36480
36490
36494
36537
36541
36559
36636
36648
36656
36692
36717
36725
36739
36742
36745
36771
36790
36911
36921
36925
36939
36996
37030
37043
37086
37092
37101
37122
37127
37131
37141
37179
37192
37205
37211
37221
37230
37233
37270
37317
37320
37338
37339
37384
37385
37409
37420
37424
37442
37448
37454
37456
37549
37576
37584
37596
37624
37628
37637
37641
37654
37654
37660
37681
37698
37708
37711
37721
37725
37790
37807
37837
37878
37884
37896
37928
37936
37939
37957
37995
38027
38032
38053
38057
38068
38082
38097
38102
38149
38151
38154
38187
38195
38211
38240
38268
38289
38300
38301
38321
38341
38356
38358
38382
38389
38437
38460
38495
38510
38528
38541
38542
38547
38552
38564
38567
38586
38618
38630
38642
38643
38643
38646
38651
38654
38655
38664
38686
38690
38700
38703
38726
38728
38739
38753
38760
38764
38794
38818
38829
38842
38858
38868
38891
38897
38900
38900
38907
38943
38953
38964
38976
38979
38982
39020
39027
39092
39099
39104
39124
39136
39137
39152
39155
39156
39182
39184
39191
39194
39227
39235
39237
39248
39302
39323
39329
39342
39372
39374
39390
39393
39397
39402
39402
39413
39419
39438
39472
39483
39484
39559
39585
39595
39605
39608
39618
39620
39643
39656
39668
39674
39683
39720
39720
39731
39740
39763
39790
39822
39829
39833
39839
39867
39879
39905
39920
39926
39932
39934
39976
40025
40025
40025
40032
40049
40055
40096
40107
40118
40145
40154
40156
40165
40169
40175
40181
40187
40199
40229
40249
40271
40299
40310
40332
40398
40407
40429
40437
40442
40455
40457
40462
40477
40486
40493
40555
40563
40572
40586
40586
40596
40601
40621
40664
40674
40687
40733
40782
40782
40783
40848
40851
40868
40902
40910
40927
40974
40988
41004
41023
41048
41050
41050
41054
41054
41073
41074
41104
41112
41128
41130
41136
41169
41213
41213
41254
41264
41281
41305
41333
41347
41363
41371
41371
41381
41410
41416
41420
41449
41491
41534
41540
41541
41553
41578
41579
41599
41603
41614
41616
41617
41621
41673
41699
41702
41731
41735
41745
41757
41782
41799
41800
41842
41848
41848
41861
41864
41877
41922
41928
41951
41952
41970
41973
41988
41994
41996
42000
42019
42046
42060
42066
42109
42109
42110
42117
42117
42118
42133
42161
42171
42205
42207
42218
42243
42244
42251
42265
42316
42320
42363
42375
42383
42404
42423
42432
42432
42442
42452
42458
42464
42489
42540
42549
42553
42593
42596
42617
42664
42693
42703
42718
42728
42729
42740
42760
42794
42798
42824
42824
42828
42830
42857
42870
42873
42917
42919
42933
42935
42949
42950
42969
42990
43002
43025
43046
43059
43073
43074
43083
43089
43136
43156
43166
43234
43242
43243
43247
43268
43275
43311
43328
43335
43356
43384
43401
43447
43478
43480
43506
43506
43514
43554
43571
43577
43592
43600
43603
43653
43669
43678
43699
43704
43711
43715
43719
43739
43740
43804
43834
43840
43865
43872
43878
43878
43911
43916
43923
43928
43938
43940
43968
43972
43978
43981
44079
44085
44101
44106
44140
44159
44180
44206
44235
44261
44265
44271
44307
44309
44313
44350
44354
44354
44355
44367
44373
44379
44394
44395
44439
44453
44469
44487
44494
44497
44503
44506
44513
44520
44525
44602
44614
44657
44663
44668
44699
44703
44704
44708
44716
44729
44747
44749
44756
44811
44812
44818
44869
44909
44927
44937
44945
44950
44957
44968
44975
44975
44987
44988
44990
45003
45027
45058
45075
45080
45083
45118
45139
45140
45208
45239
45243
45275
45309
45310
45355
45372
45419
45436
45438
45451
45479
45479
45505
45535
45579
45600
45601
45634
45645
45648
45652
45676
45681
45688
45698
45698
45699
45726
45727
45757
45764
45768
45805
45822
45828
45832
45857
45867
45891
45898
45903
45920
45921
45946
45959
45977
45988
45989
45998
46007
46054
46071
46088
46118
46123
46140
46162
46180
46209
46220
46273
46280
46281
46286
46299
46315
46329
46337
46349
46358
46365
46370
46378
46384
46392
46411
46412
46413
46430
46452
46474
46474
46481
46481
46488
46489
46520
46523
46525
46583
46600
46616
46632
46636
46646
46647
46650
46661
46709
46720
46744
46759
46778
46791
46799
46803
46810
46824
46825
46857
46886
46911
46927
46930
46944
46956
46962
46968
47002
47026
47031
47059
47059
47083
47086
47098
47122
47128
47131
47140
47152
47153
47162
47224
47239
47248
47269
47282
47300
47313
47335
47348
47350
47404
47407
47424
47430
47441
47469
47492
47492
47493
47512
47528
47535
47548
47563
47572
47646
47687
47687
47691
47692
47725
47731
47734
47744
47764
47771
47773
47777
47781
47784
47792
47822
47822
47829
47871
47873
47894
47896
47900
47909
47921
47929
47934
47935
47950
47987
47987
48008
48008
48021
48113
48126
48127
48135
48138
48142
48147
48154
48194
48198
48224
48228
48229
48262
48266
48288
48301
48314
48326
48330
48334
48382
48426
48429
48440
48440
48458
48459
48460
48461
48471
48492
48567
48608
48643
48650
48651
48657
48661
48665
48670
48678
48683
48691
48699
48764
48780
48802
48828
48859
48859
48868
48906
48928
48967
48967
48972
49000
49022
49033
49074
49092
49098
49119
49126
49127
49161
49162
49165
49185
49190
49195
49198
49230
49260
49261
49280
49295
49300
49372
49389
49401
49403
49406
49429
49448
49471
49525
49530
49534
49535
49567
49571
49581
49586
49594
49604
49605
49628
49630
49636
49639
49640
49642
49660
49681
49686
49696
49707
49716
49727
49730
49730
49752
49780
49806
49815
49843
49860
49862
49883
49889
49931
49935
49936
49944
49952
49977
49989
49995
50046
50072
50079
50080
50082
50098
50112
50144
50149
50172
50176
50188
50193
50193
50196
50228
50250
50261
50263
50264
50270
50284
50290
50347
50352
50354
50378
50389
50432
50434
50447
50455
50460
50468
50480
50492
50493
50497
50510
50534
50554
50556
50595
50603
50622
50624
50624
50637
50641
50673
50676
50682
50722
50726
50736
50751
50773
50781
50784
50792
50812
50818
50825
50825
50837
50856
50860
50863
50865
50866
50869
50875
50876
50882
50907
50935
50938
50958
50964
50977
50995
50995
51037
51051
51082
51096
51098
51102
51109
51110
51115
51127
51130
51144
51159
51215
51238
51268
51296
51326
51327
51341
51345
51345
51358
51360
51376
51381
51389
51391
51429
51430
51449
51464
51465
51488
51493
51503
51516
51536
51560
51561
51565
51568
51570
51584
51589
51611
51618
51637
51649
51651
51660
51691
51692
51695
51697
51731
51741
51745
51748
51770
51790
51801
51802
51865
51886
51893
51896
51898
51913
51945
51983
51992
52034
52036
52039
52046
52062
52074
52096
52106
52153
52156
52174
52186
52189
52195
52208
52218
52240
52251
52258
52262
52271
52285
52308
52313
52315
52315
52320
52333
52347
52364
52385
52394
52396
52442
52453
52495
52495
52548
52553
52559
52574
52574
52608
52608
52617
52648
52653
52667
52690
52739
52757
52772
52821
52836
52850
52852
52872
52875
52957
52969
52986
52992
53039
53070
53088
53110
53111
53114
53139
53151
53207
53245
53306
53309
53311
53332
53368
53409
53413
53435
53460
53464
53475
53477
53493
53505
53517
53533
53539
53560
53571
53572
53623
53626
53639
53649
53663
53663
53673
53674
53691
53697
53719
53719
53788
53791
53807
53848
53879
53890
53891
53893
53913
53942
53953
53956
53978
53979
54052
54066
54081
54149
54156
54157
54168
54171
54183
54185
54196
54208
54210
54220
54222
54233
54233
54243
54254
54255
54283
54297
54304
54306
54326
54338
54353
54358
54358
54408
54415
54431
54438
54454
54480
54518
54521
54538
54562
54565
54573
54577
54595
54602
54609
54612
54639
54642
54642
54650
54652
54700
54721
54721
54738
54742
54761
54780
54811
54820
54842
54938
54944
54947
54947
54973
54975
54998
55036
55042
55045
55053
55061
55072
55093
55096
55098
55116
55118
55129
55134
55162
55176
55177
55186
55201
55202
55208
55226
55243
55244
55247
55251
55263
55312
55322
55334
55363
55368
55368
55383
55397
55402
55403
55420
55455
55463
55466
55477
55491
55507
55525
55530
55537
55542
55549
55571
55605
55625
55646
55649
55670
55683
55705
55724
55730
55740
55750
55792
55796
55797
55820
55830
55832
55836
55837
55841
55863
55870
55879
55881
55881
55889
55910
55934
55941
55953
55981
56031
56036
56039
56042
56047
56057
56092
56113
56116
56116
56128
56132
56133
56190
56210
56212
56264
56310
56318
56332
56332
56335
56341
56343
56354
56357
56367
56399
56407
56434
56436
56447
56450
56452
56461
56469
56536
56548
56550
56624
56645
56655
56667
56674
56693
56703
56709
56717
56720
56735
56738
56739
56743
56822
56855
56872
56873
56875
56878
56885
56902
56917
56935
56939
56948
56957
56962
56966
57017
57052
57059
57064
57078
57115
57121
57126
57138
57160
57166
57186
57190
57200
57209
57209
57237
57249
57255
57256
57260
57316
57328
57347
57347
57359
57384
57392
57403
57413
57435
57448
57456
57468
57470
57477
57478
57488
57492
57500
57511
57518
57521
57527
57534
57542
57552
57561
57573
57581
57608
57616
57645
57657
57671
57711
57741
57757
57758
57761
57794
57800
57856
57866
57878
57894
57915
57923
57937
57942
57957
57969
57982
58001
58007
58021
58056
58060
58075
58076
58116
58157
58209
58221
58229
58230
58232
58245
58246
58247
58272
58274
58300
58303
58322
58324
58330
58363
58367
58438
58440
58443
58447
58465
58474
58482
58483
58484
58536
58541
58564
58568
58569
58595
58621
58624
58626
58641
58665
58675
58676
58678
58691
58723
58731
58732
58735
58743
58756
58760
58771
58780
58806
58858
58859
58865
58914
58915
58922
58948
58951
58955
58960
58965
58969
59010
59015
59021
59048
59058
59071
59101
59116
59120
59120
59120
59137
59145
59160
59165
59181
59189
59190
59207
59221
59234
59247
59247
59270
59286
59289
59311
59333
59340
59358
59383
59400
59414
59421
59425
59433
59439
59448
59454
59481
59497
59502
59504
59514
59537
59539
59617
59658
59682
59683
59687
59698
59700
59704
59705
59713
59764
59766
59802
59816
59829
59838
59848
59857
59860
59872
59873
59879
59894
59904
59904
59948
59951
59956
59966
59970
59976
59985
59985
60017
60018
60050
60075
60077
60078
60085
60087
60092
60126
60127
60142
60158
60160
60173
60194
60195
60195
60212
60257
60261
60269
60273
60294
60298
60343
60345
60348
60366
60366
60375
60405
60411
60447
60470
60497
60520
60580
60602
60649
60664
60680
60745
60753
60769
60780
60784
60797
60854
60860
60875
60882
60901
60902
60904
60905
60910
60916
60924
60948
60951
60966
60982
60987
61045
61047
61061
61086
61087
61106
61114
61118
61127
61145
61159
61163
61174
61205
61233
61250
61287
61294
61332
61332
61352
61380
61411
61414
61418
61441
61442
61448
61459
61490
61513
61518
61576
61579
61592
61630
61636
61649
61651
61667
61695
61706
61709
61730
61734
61742
61750
61755
61769
61771
61823
61825
61845
61858
61874
61908
61956
61957
61961
61980
61982
61993
62014
62028
62040
62055
62059
62061
62081
62095
62118
62126
62127
62145
62147
62149
62164
62170
62173
62176
62180
62180
62207
62207
62219
62223
62224
62225
62276
62308
62314
62329
62354
62356
62376
62380
62392
62408
62452
62482
62487
62489
62495
62507
62513
62518
62522
62536
62551
62555
62556
62598
62618
62649
62663
62679
62689
62713
62724
62730
62731
62739
62747
62776
62791
62808
62812
62826
62862
62865
62878
62878
62918
62940
63008
63027
63067
63069
63071
63121
63129
63148
63152
63180
63180
63181
63196
63201
63208
63215
63231
63250
63254
63266
63272
63278
63283
63316
63331
63337
63342
63350
63377
63383
63389
63410
63434
63462
63489
63524
63578
63620
63623
63672
63674
63680
63696
63713
63741
63746
63760
63878
63893
63903
63914
63927
63950
63959
63963
63981
63992
63996
63996
63999
64003
64017
64031
64047
64077
64081
64118
64135
64135
64140
64156
64172
64174
64178
64179
64183
64232
64244
64247
64257
64277
64296
64326
64347
64353
64358
64416
64434
64454
64456
64468
64485
64494
64518
64563
64579
64590
64605
64607
64609
64618
64633
64661
64667
64667
64677
64691
64721
64730
64731
64756
64760
64765
64768
64772
64789
64802
64804
64837
64851
64851
64861
64864
64868
64879
64885
64887
64903
64929
64931
64933
64935
64943
64945
64961
64964
65017
65024
65024
65069
65083
65083
65090
65114
65114
65127
65134
65136
65157
65166
65166
65170
65179
65180
65207
65221
65226
65240
65268
65276
65281
65294
65328
65368
65377
65389
65412
65424
65426
65453
65465
65484
65493
65494
65511
65537
65559
65574
65600
65600
65623
65629
65631
65648
65653
65679
65679
65713
65724
65758
65790
65794
65794
65802
65806
65859
65881
65887
65897
65911
65934
65969
65971
65986
65987
66018
66041
66064
66066
66090
66095
66114
66118
66119
66163
66171
66196
66226
66227
66248
66262
66276
66288
66297
66299
66301
66318
66329
66349
66380
66413
66449
66457
66459
66469
66472
66475
66488
66513
66517
66527
66533
66544
66548
66549
66561
66563
66589
66614
66632
66652
66672
66675
66676
66719
66729
66750
66765
66768
66790
66792
66801
66809
66820
66823
66829
66842
66853
66862
66867
66898
66899
66937
66964
66968
66971
66976
66978
66982
67017
67025
67028
67041
67069
67092
67098
67103
67107
67113
67115
67137
67148
67160
67165
67166
67207
67227
67231
67237
67262
67275
67314
67317
67342
67363
67431
67431
67435
67435
67500
67512
67521
67564
67568
67575
67581
67589
67591
67598
67599
67604
67628
67666
67674
67681
67688
67740
67777
67788
67800
67819
67821
67829
67861
67864
67894
67907
67923
67941
67945
68021
68076
68085
68128
68140
68149
68161
68167
68191
68228
68267
68288
68317
68334
68359
68399
68405
68415
68436
68474
68474
68528
68539
68563
68568
68580
68585
68601
68608
68613
68619
68660
68673
68675
68681
68694
68697
68711
68760
68767
68786
68790
68793
68794
68797
68821
68824
68831
68833
68858
68867
68872
68880
68882
68883
68883
68891
68894
68900
68932
68938
68955
68963
68963
68964
68966
68970
68996
69040
69046
69047
69049
69062
69077
69091
69096
69100
69107
69117
69122
69122
69128
69141
69146
69147
69151
69152
69190
69197
69220
69236
69263
69270
69310
69364
69377
69383
69398
69416
69428
69445
69495
69521
69586
69595
69617
69624
69630
69631
69638
69644
69654
69667
69689
69709
69720
69729
69738
69741
69743
69751
69768
69789
69832
69845
69854
69857
69879
69930
69952
69957
69971
69988
70006
70027
70040
70043
70054
70057
70073
70108
70116
70127
70148
70152
70181
70207
70208
70211
70249
70279
70300
70308
70321
70325
70347
70379
70405
70406
70407
70413
70467
70472
70542
70548
70560
70570
70574
70582
70590
70599
70599
70606
70622
70644
70662
70666
70687
70708
70753
70761
70806
70813
70851
70854
70866
70877
70883
70908
70924
70927
70938
70953
70976
70979
70986
70992
70998
71010
71055
71093
71107
71128
71139
71140
71168
71169
71182
71212
71225
71245
71246
71292
71296
71311
71313
71318
71322
71325
71331
71337
71341
71348
71370
71408
71409
71444
71449
71455
71456
71478
71503
71542
71546
71547
71605
71608
71618
71642
71654
71681
71691
71697
71722
71733
71751
71756
71768
71770
71772
71777
71799
71801
71802
71834
71881
71900
71909
71924
71925
71937
71954
71958
71964
71970
71972
71979
71980
71982
72009
72018
72026
72031
72045
72052
72111
72144
72155
72163
72172
72182
72183
72191
72192
72193
72194
72195
72203
72210
72245
72258
72286
72289
72304
72307
72314
72348
72348
72354
72357
72363
72372
72375
72376
72403
72412
72416
72430
72438
72455
72474
72476
72480
72517
72517
72528
72528
72534
72562
72566
72592
72610
72614
72634
72640
72649
72650
72652
72657
72658
72692
72712
72716
72718
72739
72755
72760
72769
72770
72777
72795
72798
72829
72836
72843
72851
72880
72880
72906
72908
72918
72925
72927
72946
72968
72997
73019
73045
73054
73086
73088
73102
73112
73159
73169
73179
73179
73196
73203
73207
73218
73234
73270
73271
73280
73311
73312
73347
73369
73394
73405
73432
73436
73447
73454
73459
73461
73476
73482
73505
73508
73530
73533
73546
73555
73566
73602
73655
73657
73665
73671
73722
73732
73760
73782
73790
73793
73794
73807
73817
73820
73824
73847
73872
73872
73881
73882
73883
73904
73915
73921
73921
73922
73927
73929
73934
73937
73969
73999
74059
74105
74122
74127
74148
74153
74190
74191
74215
74217
74250
74266
74269
74279
74287
74314
74337
74426
74429
74430
74431
74445
74447
74454
74458
74500
74501
74533
74536
74575
74578
74587
74600
74605
74635
74650
74665
74672
74672
74673
74710
74718
74732
74741
74758
74758
74768
74779
74796
74802
74810
74819
74828
74829
74843
74849
74869
74875
74877
74930
74939
74940
74966
74976
74976
74981
74987
75012
75034
75070
75071
75083
75086
75124
75130
75132
75144
75144
75149
75160
75166
75168
75199
75214
75216
75236
75253
75284
75292
75299
75305
75335
75360
75370
75379
75382
75392
75436
75460
75497
75504
75534
75549
75550
75560
75572
75586
75595
75608
75615
75627
75633
75639
75647
75656
75658
75672
75696
75702
75715
75738
75783
75791
75819
75819
75825
75827
75837
75841
75843
75847
75874
75947
75948
75961
75988
75989
75995
76029
76034
76059
76106
76109
76115
76123
76127
76162
76165
76169
76175
76209
76219
76226
76248
76256
76293
76311
76319
76326
76355
76356
76371
76372
76382
76390
76399
76458
76466
76480
76481
76491
76496
76507
76510
76520
76528
76543
76568
76568
76569
76573
76584
76629
76655
76658
76670
76700
76715
76730
76752
76767
76788
76810
76824
76835
76849
76853
76877
76906
76921
76953
76958
77010
77012
77014
77020
77077
77099
77109
77113
77164
77183
77195
77200
77260
77265
77296
77314
77314
77320
77333
77350
77376
77377
77400
77407
77411
77423
77425
77442
77457
77517
77520
77522
77533
77547
77562
77611
77621
77627
77636
77652
77660
77666
77687
77703
77726
77763
77769
77802
77817
77846
77852
77861
77863
77895
77900
77905
77909
77924
78002
78004
78005
78040
78063
78071
78104
78106
78128
78142
78151
78153
78172
78173
78197
78201
78202
78206
78246
78254
78254
78269
78275
78309
78318
78347
78369
78410
78413
78436
78437
78445
78449
78460
78479
78487
78498
78540
78563
78587
78599
78615
78624
78645
78654
78708
78714
78728
78733
78746
78756
78762
78805
78809
78826
78829
78851
78869
78876
78903
78929
78953
78959
78962
78971
78972
78985
78993
78999
78999
79000
79005
79021
79036
79042
79065
79070
79080
79082
79082
79088
79117
79128
79129
79143
79176
79190
79203
79226
79227
79249
79266
79273
79305
79319
79322
79336
79354
79391
79399
79412
79413
79415
79432
79433
79476
79477
79485
79503
79526
79535
79543
79547
79551
79570
79588
79616
79622
79649
79666
79689
79693
79696
79701
79738
79739
79752
79759
79772
79838
79860
79861
79861
79897
79903
79922
79937
79970
79997
80001
80025
80039
80050
80057
80059
80065
80076
80088
80095
80111
80117
80142
80152
80185
80200
80208
80209
80216
80228
80237
80237
80253
80254
80300
80304
80329
80338
80347
80386
80393
80399
80450
80451
80457
80485
80487
80492
80507
80513
80513
80515
80528
80546
80556
80567
80597
80601
80631
80649
80656
80663
80669
80714
80725
80811
80837
80853
80860
80861
80866
80872
80894
80937
80951
81010
81016
81023
81037
81052
81062
81072
81074
81130
81130
81130
81158
81168
81176
81207
81222
81230
81260
81272
81300
81301
81324
81325
81366
81369
81393
81427
81430
81432
81472
81487
81489
81497
81508
81509
81522
81525
81558
81578
81596
81599
81600
81606
81615
81622
81624
81641
81644
81689
81716
81717
81733
81743
81750
81762
81789
81811
81815
81833
81853
81868
81894
81897
81924
81943
81944
81977
81980
82030
82036
82043
82063
82076
82095
82132
82164
82167
82208
82211
82232
82237
82241
82252
82259
82262
82264
82284
82298
82313
82334
82363
82398
82399
82408
82410
82411
82413
82440
82450
82497
82499
82513
82519
82521
82548
82558
82597
82602
82608
82613
82626
82638
82664
82668
82694
82700
82702
82703
82710
82714
82736
82743
82756
82761
82773
82790
82808
82816
82821
82823
82831
82833
82858
82870
82881
82888
82891
82941
82954
82964
82983
82989
83005
83023
83027
83040
83082
83082
83098
83110
83163
83165
83166
83176
83176
83180
83188
83196
83198
83212
83229
83239
83254
83273
83314
83321
83329
83331
83363
83391
83415
83416
83426
83461
83531
83537
83561
83565
83582
83588
83606
83610
83663
83689
83695
83697
83698
83701
83722
83736
83741
83745
83750
83759
83767
83789
83790
83821
83821
83829
83830
83847
83858
83878
83910
83930
83955
83960
83970
83976
83986
83995
84006
84012
84014
84034
84034
84077
84126
84140
84153
84160
84212
84228
84237
84245
84251
84279
84282
84311
84311
84312
84330
84346
84352
84356
84358
84361
84369
84374
84375
84417
84450
84454
84467
84469
84482
84494
84557
84567
84595
84601
84616
84636
84645
84650
84665
84692
84712
84727
84741
84749
84783
84793
84797
84840
84843
84866
84869
84871
84879
84893
84907
84908
85002
85013
85024
85024
85029
85048
85063
85090
85092
85110
85132
85158
85167
85191
85213
85221
85225
85250
85254
85282
85300
85306
85319
85338
85344
85345
85369
85376
85379
85381
85420
85437
85442
85443
85452
85456
85508
85514
85517
85539
85561
85593
85605
85623
85625
85702
85726
85730
85743
85761
85791
85805
85812
85817
85841
85870
85873
85890
85894
85904
85908
85921
85931
85942
85949
85963
85968
85990
85992
86001
86019
86035
86038
86045
86062
86063
86064
86069
86070
86071
86087
86106
86119
86125
86130
86161
86177
86186
86187
86189
86194
86203
86205
86221
86234
86371
86374
86377
86387
86392
86393
86394
86410
86419
86419
86434
86466
86476
86515
86523
86548
86553
86559
86566
86581
86584
86607
86620
86626
86634
86685
86717
86721
86738
86746
86773
86782
86787
86788
86803
86813
86850
86867
86882
86887
86916
86918
86919
86921
86927
86936
86956
86965
86978
86988
87030
87038
87042
87045
87058
87079
87106
87151
87182
87197
87253
87278
87283
87285
87289
87299
87299
87309
87319
87360
87383
87414
87419
87420
87430
87446
87462
87536
87539
87562
87581
87582
87604
87611
87647
87663
87676
87683
87737
87742
87743
87787
87793
87819
87828
87902
87911
87932
87978
87994
88238
88269
89235
89702
89766
90696
91254
91279
91702
91754
93077
93597
93683
93791
94308
95254
95463
95530
96188
96234
96464
96671
97358
99267
99762
100197
100483
100622
101128
101766
102806
103538
104412
105040
105135
105331
105505
105514
105610
105730
105832
106813
107310
107526
107807
108016
108272
108812
109082
109410
110979
111539
111922
111952
112162
112198
113433
114087
114624
115206
115280
115480
115515
115755
116156
116348
118137
118154
118236
118411
119026
119042
119118
119277
119321
120274
120706
121524
122326
122451
122965
123081
125262
125681
125874
126290
128693
128723
129035
129063
129130
129142
129265
129452
129763
130177
130367
130674
131139
131159
131297
131485
131533
131839
132859
133202
134536
134596
134655
134735
135585
135927
136399
136573
136874
137430
137495
137558
137632
137794
137881
137990
138579
139085
139409
139592
139804
140057
140154
141453
142619
142657
142694
142868
144187
144191
145065
145164
145317
146441
146473
146827
146887
147720
147805
148010
148442
149167
149357
149492
150574
150600
151119
151538
151592
151975
152730
152812
153633
153852
154661
155493
155653
155718
155969
156006
156078
156082
156091
156753
156966
157059
157383
157933
158301
158488
158740
158877
159315
159879
160129
160144
160617
160961
161709
162230
162290
162964
163706
163823
164087
164328
164750
165196
165443
165901
166072
166892
167720
167916
168431
168519
168638
168955
168977
170053
171134
171208
171853
172711
173061
173158
174077
174769
175148
175790
175988
176781
177059
177597
178014
178317
179107
179898
180302
180710
181093
181241
181865
185944
186774
187787
187812
187942
188155
189964
190627
190700
191262
193430
193551
193719
194222
194332
194694
194851
195098
195773
196895
199656
200095
200568
201848
202839
203834
205462
206663
207209
207265
207508
208396
208897
209670
210566
212854
214825
215085
216194
216803
217002
220808
221380
221914
222177
223349
224280
227017
227339
228249
229047
229496
231422
233083
233412
234176
236665
237607
238052
240011
240820
242095
245602
245776
247149
247935
248597
249634
249749
250356
250450
251397
251401
251427
251588
251645
252103
253812
254703
256568
257832
260973
261056
262565
262820
263004
264193
264272
269061
274524
274568
277070
280224
280300
280429
284010
286967
288561
288699
292338
292633
292773
294709
295037
296419
297377
300248
301638
303306
306281
307389
311597
312050
314436
314478
314490
315124
321386
321860
322477
325565
327351
332670
338771
341737
342701
345108
345510
352858
352957
354127
354220
355914
356106
357757
358227
359840
361450
364422
366066
366280
368307
368391
368788
370375
370696
371648
373842
373916
374393
375684
376650
381039
381893
384177
384640
385661
387332
387923
393788
395894
396459
396711
398451
399338
400191
400492
400555
402376
407171
408700
410279
412367
413252
413863
414866
415436
416912
416953
416990
420867
421434
421691
424627
426804
429036
430606
430651
430976
431951
432399
432576
433987
435412
436995
438465
438746
439672
440239
441610
442723
443085
443978
444967
445884
450336
454438
456456
456914
457731
459752
461028
462200
462350
463246
463797
465962
466190
466536
466809
468474
470187
471692
475393
476351
476705
479205
479219
479264
490305
491064
491129
491352
495415
496518
498777
501900
502332
505172
506148
506538
506851
508384
512972
514462
517525
518529
519707
522553
523362
523710
524824
526507
527388
533617
541692
542474
544477
545110
546044
549129
549813
561730
564090
564245
565265
566203
569905
572429
575402
579815
579905
588605
591164
592602
595350
597217
599428
600411
600829
609405
610672
616018
634692
641015
648538
667846
686685
690559
706447
717682
718069
745165
753632
766198
778225
798704
805875
837004
838684
845420
848791
851429
880046
893637
896145
897168
897482
905255
917355
919733
931389
932767
936810
940339
961913
966713
970262
970781
972255
972329
973166
974037
978965
979226
979516
982798
983564
984447
984888
985684
985753
986858
987327
988740
990126
991470
993331
995335
995597
996645
996858
999062
1000707
1001572
1001743
1002816
1004004
1005471
1006236
1006713
1007060
1008612
1009772
1011025
1013729
1016477
1018605
1018711
1020085
1022348
1023421
1023450
1023964
1024905
1028185
1029521
1032599
1034349
1035102
1035947
1036935
1038777
1041115
1042573
1043348
1044294
1044719
1045568
1046335
1047501
1048725
1050073
1051105
1053189
1054431
1055893
1154018
1173970
1184430
1187955
1225129
1227365
1227940
1239120
1243115
1278828
1294092
1294416
1294804
1306943
1322819
1328635
1339014
1340131
1360351
1363454
1365503
1367975
1372638
1390717
1391753
1395428
1397883
1401102
1409882
1441401
1457591
1458247
1459695
1478840
1486592
1507905
1509525
1531430
1534419
1548948
1550807
1563156
1631595
1640356
1644109
1655031
1657141
1661194
1671350
1674966
1679115
1680596
1682991
1683116
1685078
1692088
1692990
1697463
1702451
1711508
1716163
1716381
1724702
1732902
1738776
1739747
1740623
1743281
1754033
1755552
1768958
1773081
1775700
1783390
1803115
1815133
1827920
1852091
1866970
1908021
1911566
1912750
1925380
1930751
1943610
1954012
1956213
1959578
1961668
1961811
1968199
1973624
1994087
1997143
2000255
2019998
2020677
2023161
2037449
2043079
2043152
2053224
2071948
2073348
2075825
2129349
2132113
2150212
2166749
2168547
2172866
2197980
2476218
2491169
2498048
2522550
2530967
2547816
2551345
2558414
2560466
2560498
2561790
2565012
2575981
2578978
2579745
2580834
2582604
2596595
2597003
2609680
2611661
2612747
2617031
2617915
2618655
2626497
2627598
2637234
2655116
2679798
2680310
2694342
2698578
2710670
2717957
2728956
2734622
2734728
2740773
2743321
2748073
2759452
2767113
2787043
2788130
2795014
2796474
2799665
2810204
2820104
2827939
2828855
2831367
2838915
2840310
2841008
2847145
2847805
2859465
2870453
2872176
2877894
2897247
2907918
2911190
2915356
2920951
2923940
2928959
2931827
2937003
2940770
2947305
2957395
2958823
2958980
2961441
2962466
2972920
2980652
2983601
2983869
2986421
2991929
2995661
2999137
2999507
3009112
3031437
3035004
3035352
3035375
3037401
3049381
3061989
3068048
3073824
3076338
3169254
3187688
3209268
3211838
3219260
3222778
3226622
3271193
3282304
3291096
3302720
3338728
3339204
3342194
3351081
3360283
3363018
3371834
3412673
3413978
3425672
3459403
3467935
3479256
3484976
3500361
3508487
3515591
3615881
3618908
3630183
3655028
3657146
3664869
3682157
3891807
3895025
3904993
3927924
3937418
3952186
3953153
4048595
4049517
4059756
4062832
4077267
4080230
4095046
4099538
4110456
4120540
4122375
4123557
4127011
4128439
4843429
4848074
4864419
4868712
4877922
4918726
4926524
4943190
4945622
4947576
4950335
4950411
4983672
5001556
5292218
5300159
5316009
5324079
5337148
5354208
5367137
5559126
5564194
5581166
5586556
5604841
5616838
5616983
5831533
5837095
5847951
5873071
5874251
5883339
5885738
5902443
5924803
5931707
5943008
5968981
5970466
5977582
5984893
6029567
6034161
6044181
6047595
6069664
6071850
6512798
6525552
6541028
6548506
6552479
6556860
6595817
6871309
6878142
6885798
6892873
6915102
6920031
6947098
8186599
8194662
8211617
8212833
8218722
8247232
8261228
8278044
8291391
8305034
8307155
8307314
8347641
8354285
8720104
8724531
8731889
8748667
8750772
8762501
8797747