45
54
71
82
103
108
120
133
144
198
203
209
218
218
241
242
244
248
266
289
354
361
364
366
373
378
453
471
504
505
594
603
608
616
685
691
691
707
719
720
756
771
782
799
805
812
837
866
928
931
964
1057
1095
1107
1109
1116
1122
1155
1158
1168
1173
1222
1242
1290
1311
1321
1355
1356
1449
1481
1485
1491
1501
1506
1523
1529
1573
1577
1584
1602
1615
1622
1633
1665
1673
1682
1708
1709
1714
1773
1780
1783
1785
1815
1826
1832
1836
1845
1869
1947
1959
1964
1986
1988
2023
2041
2050
2058
2083
2137
2156
2198
2238
2277
2287
2325
2353
2413
2424
2429
2455
2467
2474
2527
2542
2604
2610
2615
2615
2621
2624
2671
2687
2718
2788
2818
2823
2848
2880
2903
2920
2926
2945
2951
2960
2980
2998
3001
3031
3038
3048
3060
3067
3106
3113
3132
3156
3169
3179
3184
3199
3208
3231
3233
3269
3288
3313
3325
3326
3327
3334
3334
3343
3359
3370
3375
3386
3389
3390
3413
3426
3454
3462
3540
3545
3562
3562
3569
3579
3638
3644
3665
3811
3871
3920
3982
4025
4027
4058
4134
4140
4158
4227
4239
4256
4259
4269
4272
4276
4357
4397
4399
4404
4406
4501
4518
4546
4610
4628
4640
4642
4642
4648
4662
4680
4703
4716
4721
4727
4732
4751
4765
4788
4789
4820
4839
4847
4853
4908
4913
4929
4947
4947
4953
4955
4962
4974
5018
5061
5077
5092
5092
5097
5115
5125
5130
5166
5184
5184
5190
5224
5237
5271
5279
5306
5317
5318
5326
5330
5333
5344
5345
5352
5376
5412
5428
5443
5449
5451
5467
5495
5499
5513
5537
5579
5587
5600
5601
5650
5653
5665
5682
5688
5692
5741
5774
5800
5804
5842
5846
5885
5899
5938
6005
6025
6027
6059
6070
6070
6074
6076
6083
6110
6115
6151
6168
6179
6200
6222
6227
6227
6249
6256
6273
6276
6280
6333
6336
6344
6351
6401
6403
6433
6433
6478
6490
6607
6611
6638
6688
6704
6723
6752
6782
6789
6805
6808
6819
6840
6860
6864
6872
6889
6889
6921
6931
6936
6946
6993
7000
7024
7036
7038
7045
7108
7142
7143
7170
7187
7193
7248
7264
7383
7396
7416
7426
7434
7454
7484
7507
7550
7665
7763
7773
7787
7802
7808
7815
7856
7860
7861
7898
7957
8047
8089
8100
8137
8172
8220
8271
8283
8290
8307
8345
8351
8377
8380
8380
8385
8394
8402
8405
8408
8414
8430
8440
8454
8489
8495
8509
8522
8539
8548
8564
8610
8623
8625
8640
8661
8662
8663
8690
8690
8704
8725
8761
8772
8782
8784
8786
8833
8864
8865
8880
8886
8909
8923
8949
8976
8978
9004
9052
9055
9077
9082
9099
9121
9156
9160
9166
9177
9190
9217
9231
9341
9357
9375
9382
9410
9456
9472
9472
9478
9479
9496
9500
9530
9579
9583
9622
9627
9636
9658
9680
9689
9737
9745
9769
9775
9777
9799
9821
9823
9849
9889
9956
9981
9987
9998
10055
10096
10106
10118
10118
10157
10164
10178
10203
10205
10211
10220
10228
10247
10289
10350
10376
10390
10392
10421
10424
10466
10483
10529
10551
10565
10590
10591
10600
10711
10712
10750
10760
10783
10795
10817
10821
10843
10864
10879
10890
10895
10928
10952
10969
10978
10992
10995
11040
11041
11048
11075
11175
11177
11180
11184
11199
11200
11209
11239
11242
11258
11262
11281
11297
11301
11304
11317
11367
11378
11409
11427
11496
11497
11510
11510
11608
11661
11664
11682
11695
11718
11743
11755
11763
11789
11814
11829
11841
11850
11855
11898
11938
11939
11943
11965
11970
11986
12011
12025
12112
12140
12148
12157
12175
12185
12192
12212
12227
12231
12257
12258
12272
12311
12314
12314
12319
12323
12328
12386
12394
12410
12421
12453
12460
12538
12543
12559
12569
12590
12623
12631
12632
12657
12673
12678
12684
12684
12691
12705
12715
12730
12751
12759
12778
12809
12821
12825
12830
12834
12864
12872
12874
12934
12941
12946
12987
12990
12991
12999
13025
13034
13050
13055
13064
13069
13069
13082
13127
13130
13141
13142
13263
13270
13276
13277
13278
13359
13371
13374
13419
13481
13519
13523
13536
13568
13595
13628
13645
13667
13737
13752
13767
13861
13895
13926
13927
13938
14010
14026
14026
14028
14068
14069
14076
14079
14117
14150
14160
14171
14195
14211
14224
14242
14247
14279
14281
14287
14295
14300
14307
14351
14373
14384
14389
14390
14411
14460
14463
14471
14488
14497
14512
14517
14556
14557
14574
14618
14623
14704
14709
14711
14715
14724
14736
14756
14776
14779
14853
14855
14860
14864
14880
14883
14891
14922
14959
15013
15017
15034
15056
15066
15080
15122
15148
15164
15169
15172
15192
15195
15206
15253
15261
15282
15286
15306
15309
15311
15382
15437
15460
15472
15564
15610
15639
15668
15682
15684
15693
15712
15737
15742
15762
15774
15774
15782
15797
15829
15844
15853
15875
15886
15896
15898
15903
15910
15910
15918
15939
15947
15990
16011
16022
16063
16081
16104
16113
16131
16161
16167
16212
16220
16231
16266
16271
16288
16316
16324
16329
16340
16343
16417
16441
16459
16466
16471
16541
16565
16569
16593
16604
16618
16645
16658
16664
16664
16699
16702
16765
16769
16791
16833
16835
16835
16836
16840
16843
16868
16896
16906
16921
16941
16964
16992
17003
17058
17088
17106
17176
17190
17201
17240
17254
17289
17294
17298
17303
17332
17346
17350
17351
17355
17372
17373
17397
17426
17460
17466
17484
17508
17518
17533
17545
17555
17587
17596
17599
17648
17654
17658
17682
17734
17742
17750
17801
17820
17824
17858
17874
17904
17909
17920
17973
18017
18040
18088
18103
18104
18117
18156
18161
18166
18182
18202
18208
18263
18306
18307
18310
18313
18316
18317
18322
18330
18341
18346
18356
18361
18380
18429
18432
18438
18441
18460
18519
18549
18576
18581
18608
18638
18652
18664
18675
18706
18782
18881
18882
18894
18895
18933
18943
18946
18947
18952
18953
18972
18981
19008
19032
19037
19038
19058
19068
19078
19105
19141
19156
19161
19220
19226
19236
19255
19271
19273
19278
19310
19333
19339
19407
19439
19491
19502
19522
19522
19527
19556
19569
19572
19576
19606
19627
19646
19653
19654
19682
19724
19745
19767
19816
19819
19821
19878
19941
19943
19968
19980
20055
20068
20130
20147
20164
20182
20269
20278
20292
20298
20316
20338
20341
20348
20355
20378
20386
20390
20402
20427
20441
20457
20499
20534
20560
20571
20576
20600
20654
20655
20664
20667
20671
20700
20703
20739
20758
20760
20767
20786
20788
20813
20864
20888
20928
20963
20988
21010
21017
21025
21043
21050
21051
21084
21098
21104
21117
21150
21168
21168
21224
21255
21256
21260
21265
21276
21285
21302
21307
21326
21357
21358
21364
21365
21375
21466
21473
21501
21512
21542
21544
21619
21624
21625
21629
21661
21668
21668
21669
21735
21777
21805
21856
21873
21906
21921
21976
21980
22012
22027
22068
22181
22185
22204
22264
22272
22297
22329
22331
22337
22342
22376
22410
22415
22415
22431
22442
22489
22491
22495
22499
22531
22561
22567
22568
22570
22586
22603
22607
22649
22680
22717
22727
22766
22779
22793
22839
22844
22860
22880
22921
22966
22979
22989
22997
23030
23083
23103
23124
23139
23140
23165
23168
23172
23182
23185
23186
23207
23239
23276
23327
23334
23341
23348
23351
23352
23363
23372
23379
23384
23400
23452
23455
23472
23478
23482
23487
23490
23533
23539
23563
23565
23569
23570
23575
23624
23629
23631
23674
23690
23700
23706
23767
23779
23829
23861
23943
24022
24044
24101
24102
24108
24109
24147
24187
24193
24259
24268
24273
24287
24351
24355
24370
24379
24400
24431
24464
24464
24475
24502
24514
24531
24544
24548
24580
24582
24607
24608
24614
24633
24646
24663
24713
24717
24718
24735
24776
24832
24838
24843
24851
24888
24897
24905
24919
24922
24923
24940
24956
24982
24993
24995
25024
25036
25053
25054
25067
25078
25093
25125
25170
25210
25219
25226
25245
25255
25255
25315
25325
25405
25406
25410
25410
25455
25459
25463
25510
25512
25532
25587
25588
25606
25629
25712
25725
25727
25746
25784
25790
25797
25801
25829
25877
25881
25909
25954
25974
26000
26006
26014
26040
26044
26046
26064
26075
26129
26143
26204
26223
26236
26247
26266
26274
26300
26379
26393
26451
26498
26507
26526
26546
26570
26570
26599
26601
26610
26613
26655
26656
26674
26699
26699
26731
26735
26739
26765
26776
26823
26853
26925
26974
26975
26997
26998
27028
27033
27071
27094
27113
27134
27150
27165
27177
27196
27217
27224
27225
27236
27238
27244
27291
27308
27340
27383
27399
27400
27433
27444
27448
27476
27497
27500
27506
27521
27528
27535
27535
27560
27611
27617
27620
27636
27665
27690
27713
27757
27767
27782
27788
27826
27832
27890
27913
27935
27955
27971
27982
27986
27995
28029
28049
28055
28073
28073
28080
28144
28195
28197
28204
28244
28259
28261
28282
28284
28287
28341
28347
28364
28399
28404
28445
28463
28477
28485
28492
28515
28546
28568
28597
28609
28623
28628
28679
28681
28731
28750
28821
28831
28834
28857
28870
28911
28924
28943
28970
29004
29036
29037
29043
29087
29096
29116
29135
29149
29172
29195
29259
29336
29350
29353
29363
29388
29403
29406
29412
29479
29499
29525
29546
29558
29597
29653
29685
29696
29706
29772
29892
29905
29917
29972
29993
29995
30020
30030
30053
30058
30060
30092
30156
30163
30287
30290
30299
30304
30310
30327
30350
30365
30367
30374
30377
30406
30415
30438
30455
30498
30499
30539
30563
30595
30605
30639
30651
30663
30664
30710
30721
30742
30743
30768
30775
30808
30828
30829
30834
30835
30850
30885
30964
31004
31008
31040
31061
31062
31062
31078
31091
31125
31140
31142
31168
31174
31185
31197
31204
31206
31228
31234
31309
31358
31378
31382
31394
31411
31441
31449
31456
31494
31502
31507
31517
31524
31559
31574
31584
31604
31634
31644
31652
31663
31683
31756
31763
31765
31782
31791
31809
31822
31831
31880
31939
31957
31977
32021
32047
32048
32056
32080
32134
32148
32164
32177
32186
32235
32248
32253
32262
32298
32319
32349
32369
32371
32391
32404
32418
32465
32480
32487
32495
32519
32582
32585
32596
32623
32656
32678
32679
32720
32724
32724
32746
32747
32760
32775
32775
32783
32803
32807
32845
32872
32882
32937
32973
32983
33026
33039
33072
33130
33162
33167
33168
33181
33246
33267
33296
33311
33312
33347
33386
33389
33408
33420
33433
33450
33453
33458
33476
33481
33505
33533
33632
33654
33689
33695
33705
33759
33770
33807
33823
33836
33887
33932
33936
33941
33952
33973
34000
34064
34086
34087
34115
34119
34119
34125
34148
34158
34160
34221
34253
34276
34297
34359
34359
34381
34382
34393
34419
34432
34449
34471
34489
34547
34563
34596
34601
34642
34661
34695
34701
34739
34739
34760
34821
34850
34850
34886
34896
34972
34998
35002
35045
35046
35055
35108
35115
35154
35159
35195
35201
35208
35211
35230
35237
35249
35255
35259
35305
35342
35368
35414
35420
35453
35470
35473
35479
35490
35491
35491
35501
35585
35595
35620
35631
35637
35643
35702
35858
35931
35934
36016
36030
36043
36067
36071
36084
36094
36107
36109
36139
36150
36155
36156
36157
36173
36188
36305
36307
36334
36350
36371
36375
36391
36394
36401
36424
36426
36441
36457
36479
36496
36529
36530
36552
36556
36634
36656
36661
36676
36714
36721
36766
36767
36808
36811
36825
36834
36845
36868
36875
36896
36902
36921
36969
36991
37011
37027
37032
37036
37099
37124
37153
37180
37192
37231
37243
37254
37266
37274
37276
37299
37302
37311
37354
37434
37506
37509
37529
37531
37596
37605
37617
37617
37621
37636
37704
37710
37717
37737
37738
37779
37804
37820
37830
37842
37845
37863
37874
37883
37924
37941
37963
37964
37985
37986
37993
38019
38035
38064
38079
38094
38103
38106
38118
38149
38160
38160
38166
38224
38229
38236
38256
38268
38285
38307
38320
38408
38416
38457
38480
38496
38512
38520
38566
38582
38628
38653
38655
38672
38686
38719
38719
38772
38785
38819
38857
38866
38870
38885
38946
38955
38983
38987
39015
39022
39055
39061
39112
39159
39185
39189
39196
39242
39265
39276
39286
39343
39357
39360
39365
39382
39400
39404
39502
39529
39536
39543
39561
39616
39633
39646
39705
39712
39723
39724
39772
39806
39863
39866
39911
39948
40042
40142
40173
40228
40295
40303
40316
40336
40366
40368
40373
40395
40435
40436
40484
40514
40577
40617
40617
40655
40656
40673
40680
40688
40696
40699
40746
40753
40767
40811
40830
40833
40835
40838
40850
40860
40864
40895
40899
40909
40941
40943
40956
40970
41019
41052
41065
41066
41091
41091
41092
41096
41104
41120
41128
41131
41152
41186
41187
41213
41222
41224
41238
41245
41263
41274
41278
41279
41342
41347
41351
41355
41388
41413
41419
41445
41482
41525
41526
41539
41565
41571
41591
41602
41612
41614
41631
41633
41634
41666
41676
41729
41732
41733
41740
41750
41761
41765
41822
41873
41902
41917
41955
41956
41984
41986
41999
42001
42001
42002
42003
42011
42014
42049
42102
42114
42149
42164
42184
42202
42212
42218
42220
42235
42260
42277
42339
42384
42406
42425
42427
42436
42456
42471
42494
42563
42569
42585
42615
42643
42652
42687
42722
42744
42750
42755
42801
42813
42839
42842
42904
42909
42919
42936
42958
42990
43036
43058
43062
43083
43101
43102
43168
43168
43173
43192
43222
43231
43264
43281
43291
43295
43322
43358
43363
43379
43387
43395
43415
43459
43483
43528
43535
43563
43569
43578
43591
43626
43652
43653
43697
43703
43716
43728
43736
43764
43802
43810
43818
43841
43893
43908
43930
43984
43986
44075
44087
44101
44125
44135
44146
44152
44170
44174
44187
44206
44224
44230
44231
44234
44269
44276
44279
44291
44291
44321
44339
44346
44354
44365
44368
44388
44427
44430
44448
44454
44465
44475
44521
44529
44548
44558
44569
44585
44633
44685
44738
44742
44745
44773
44819
44857
44866
44872
44889
44896
44898
44926
44926
44931
44958
44966
44967
45028
45051
45053
45088
45098
45109
45128
45176
45202
45221
45237
45244
45254
45255
45258
45284
45295
45307
45312
45312
45326
45362
45433
45461
45483
45511
45529
45538
45545
45565
45569
45588
45590
45598
45630
45650
45665
45673
45700
45700
45704
45727
45730
45781
45784
45788
45807
45829
45835
45931
45933
45958
45965
46015
46022
46029
46065
46080
46082
46088
46133
46141
46157
46167
46173
46215
46216
46239
46244
46259
46283
46289
46309
46342
46346
46354
46356
46498
46499
46526
46582
46626
46632
46642
46644
46662
46696
46699
46703
46711
46722
46725
46754
46762
46774
46790
46814
46816
46820
46857
46903
46905
46938
46996
46999
47004
47014
47037
47039
47041
47073
47121
47127
47146
47187
47194
47196
47242
47274
47282
47413
47429
47441
47452
47498
47509
47582
47588
47589
47600
47671
47679
47701
47827
47834
47851
47878
47988
48020
48043
48061
48100
48117
48142
48189
48196
48206
48219
48241
48280
48284
48293
48359
48360
48412
48475
48503
48538
48564
48606
48644
48660
48700
48721
48738
48743
48787
48796
48800
48807
48807
48823
48841
48860
48899
48906
48915
48915
48944
48969
48991
49007
49057
49063
49078
49108
49125
49144
49145
49148
49186
49216
49233
49249
49255
49260
49287
49294
49297
49358
49364
49376
49395
49410
49413
49420
49472
49479
49527
49536
49538
49565
49577
49592
49598
49598
49601
49611
49633
49636
49641
49755
49786
49813
49850
49862
49882
49882
49899
49967
49978
49984
50050
50079
50104
50117
50126
50136
50163
50166
50193
50239
50262
50307
50308
50308
50310
50328
50352
50382
50435
50462
50471
50512
50541
50545
50582
50584
50602
50630
50662
50662
50743
50759
50763
50806
50831
50847
50848
50883
50891
50910
50949
50957
50968
51004
51057
51095
51104
51107
51110
51121
51131
51136
51138
51157
51184
51185
51204
51217
51279
51280
51333
51345
51351
51417
51442
51487
51505
51522
51534
51540
51550
51578
51578
51586
51592
51638
51654
51655
51659
51756
51773
51782
51795
51842
51853
51857
51874
51879
51890
51892
51912
51924
51942
51945
51957
52004
52007
52028
52028
52044
52060
52091
52127
52133
52154
52185
52248
52328
52365
52420
52448
52448
52498
52501
52507
52514
52532
52547
52554
52573
52574
52602
52608
52615
52664
52698
52718
52718
52834
52835
52843
52847
52848
52868
52872
52880
52886
52887
52925
52959
52971
52994
52994
52999
53051
53058
53070
53071
53087
53142
53152
53164
53176
53189
53233
53301
53341
53347
53358
53376
53402
53403
53428
53450
53451
53489
53526
53527
53587
53616
53618
53653
53678
53701
53743
53757
53758
53772
53777
53807
53855
53859
53883
53892
53894
53900
53923
53935
53964
53975
53990
53992
54050
54068
54079
54103
54118
54119
54127
54139
54142
54221
54228
54235
54257
54280
54289
54342
54346
54371
54378
54384
54400
54413
54414
54441
54445
54455
54479
54516
54520
54526
54569
54570
54582
54600
54613
54624
54648
54652
54672
54698
54734
54738
54767
54768
54847
54862
54862
54870
54882
54920
54922
54959
55043
55047
55065
55093
55100
55122
55159
55191
55277
55279
55319
55371
55444
55450
55499
55499
55500
55522
55529
55541
55552
55582
55585
55604
55636
55676
55689
55733
55742
55751
55753
55763
55766
55785
55804
55810
55826
55829
55844
55882
55883
55888
55916
55931
55949
55960
55961
55972
56003
56055
56070
56073
56096
56132
56142
56178
56202
56205
56232
56240
56243
56292
56296
56393
56431
56469
56479
56531
56539
56594
56639
56671
56694
56695
56781
56783
56799
56800
56844
56849
56883
56896
56915
56930
56942
56954
56968
56968
56989
57004
57014
57080
57083
57108
57116
57122
57165
57167
57252
57310
57319
57324
57344
57349
57354
57383
57433
57457
57468
57553
57562
57593
57595
57631
57648
57656
57669
57674
57708
57713
57736
57764
57774
57814
57844
57851
57884
57915
57923
57966
57973
58002
58004
58031
58036
58052
58117
58127
58138
58143
58180
58195
58208
58280
58280
58309
58346
58347
58384
58402
58407
58415
58497
58501
58507
58510
58527
58530
58546
58585
58606
58628
58642
58646
58655
58657
58661
58676
58684
58691
58714
58741
58771
58785
58793
58829
58864
58887
58895
58967
58999
58999
59000
59052
59054
59068
59124
59132
59140
59143
59143
59143
59155
59164
59184
59192
59201
59229
59236
59265
59284
59316
59330
59332
59364
59402
59412
59422
59444
59469
59478
59487
59541
59558
59570
59575
59606
59609
59628
59629
59644
59659
59694
59703
59716
59794
59831
59851
59903
59909
59926
59927
59930
59934
59963
59968
60006
60007
60029
60048
60066
60074
60082
60121
60133
60133
60149
60155
60180
60199
60228
60229
60243
60245
60245
60245
60258
60309
60312
60407
60419
60472
60497
60508
60519
60528
60542
60555
60559
60578
60586
60619
60620
60630
60681
60687
60737
60790
60813
60877
60889
60894
60909
60929
60961
60975
61056
61057
61107
61180
61201
61220
61221
61233
61234
61241
61275
61292
61314
61318
61331
61355
61381
61418
61463
61485
61507
61510
61513
61519
61561
61584
61590
61653
61672
61716
61734
61750
61782
61787
61801
61811
61840
61869
61923
61924
61927
61944
61989
62003
62014
62039
62041
62063
62064
62074
62086
62116
62128
62177
62194
62268
62300
62310
62332
62371
62373
62376
62389
62430
62442
62454
62467
62497
62521
62530
62553
62591
62629
62639
62649
62654
62683
62742
62782
62784
62810
62811
62827
62841
62844
62861
62862
62877
62891
62901
62925
62930
62987
62989
63020
63049
63057
63063
63067
63077
63079
63091
63131
63137
63149
63154
63168
63188
63204
63210
63292
63293
63299
63366
63393
63413
63452
63464
63465
63472
63490
63586
63620
63622
63645
63658
63661
63668
63692
63694
63705
63790
63800
63808
63809
63831
63833
63863
63868
63915
63919
63954
63959
63995
64005
64028
64045
64053
64059
64060
64086
64098
64104
64132
64157
64165
64191
64193
64255
64259
64282
64309
64314
64319
64347
64350
64361
64374
64389
64422
64460
64462
64491
64499
64512
64526
64533
64535
64544
64584
64587
64592
64596
64618
64624
64640
64643
64676
64698
64715
64716
64759
64812
64814
64961
64978
64995
65016
65038
65057
65091
65107
65132
65172
65188
65204
65223
65245
65250
65253
65280
65291
65340
65356
65371
65371
65375
65409
65433
65442
65472
65505
65520
65580
65585
65593
65602
65623
65642
65648
65675
65678
65684
65686
65714
65732
65766
65804
65838
65839
65911
65928
65937
65970
65974
65984
65991
65999
66020
66027
66028
66078
66123
66132
66173
66247
66252
66254
66322
66332
66338
66344
66347
66351
66365
66372
66439
66489
66515
66569
66595
66598
66600
66632
66663
66667
66683
66738
66739
66747
66755
66781
66810
66818
66825
66863
66865
66876
66881
66910
66924
66925
66952
67015
67028
67042
67046
67056
67062
67063
67075
67096
67117
67137
67139
67156
67158
67160
67196
67239
67243
67264
67266
67276
67297
67312
67321
67327
67342
67386
67388
67397
67397
67427
67438
67458
67503
67508
67511
67533
67547
67550
67564
67575
67584
67620
67731
67737
67771
67787
67811
67826
67855
67857
67895
67897
67917
67945
67973
67974
67987
67991
67994
68003
68018
68071
68097
68103
68107
68139
68151
68154
68177
68245
68280
68289
68322
68369
68415
68435
68462
68471
68471
68509
68515
68515
68522
68533
68556
68566
68610
68617
68660
68664
68694
68753
68762
68767
68770
68781
68800
68813
68830
68862
68863
68888
68921
68934
68958
68967
68971
69045
69082
69117
69177
69182
69192
69197
69199
69205
69231
69233
69245
69258
69262
69265
69277
69289
69291
69307
69355
69429
69430
69458
69475
69487
69509
69512
69546
69573
69581
69618
69657
69661
69666
69669
69680
69691
69717
69755
69758
69812
69822
69846
69884
69886
69886
69890
69895
69905
69939
69940
69952
69957
69975
69993
70009
70059
70059
70110
70126
70169
70177
70198
70211
70234
70250
70274
70275
70279
70292
70305
70324
70348
70353
70375
70409
70427
70476
70502
70540
70567
70685
70697
70704
70756
70765
70797
70809
70829
70834
70835
70840
70873
70909
70911
70937
70992
71023
71060
71062
71193
71205
71214
71214
71257
71267
71289
71307
71322
71331
71406
71425
71439
71453
71461
71472
71494
71508
71508
71522
71587
71612
71625
71626
71663
71686
71689
71698
71721
71728
71729
71746
71772
71812
71816
71847
71856
71881
71922
71925
71958
71972
71975
72020
72028
72067
72071
72077
72086
72126
72131
72151
72170
72189
72246
72247
72251
72256
72259
72261
72273
72315
72317
72344
72364
72367
72392
72399
72438
72456
72483
72497
72558
72571
72590
72613
72656
72690
72756
72785
72835
72870
72993
73025
73033
73049
73056
73116
73122
73176
73198
73205
73236
73267
73276
73316
73364
73365
73367
73421
73431
73450
73452
73453
73455
73481
73505
73513
73536
73543
73586
73602
73654
73685
73688
73705
73726
73735
73777
73788
73815
73821
73824
73878
73893
73900
73909
73911
73917
73927
73988
74007
74016
74026
74041
74063
74067
74072
74077
74115
74131
74161
74165
74168
74183
74185
74199
74233
74239
74253
74288
74301
74304
74310
74376
74388
74401
74423
74426
74437
74457
74470
74492
74495
74505
74541
74545
74561
74569
74590
74621
74633
74671
74687
74692
74710
74717
74731
74734
74770
74786
74799
74800
74860
74887
74911
74931
74962
74989
74995
75046
75100
75114
75143
75145
75153
75174
75196
75206
75215
75217
75250
75363
75370
75377
75425
75433
75484
75570
75579
75588
75592
75641
75685
75739
75764
75795
75799
75801
75837
75839
75839
75843
75857
75882
75905
75913
75918
75927
75944
75952
75960
75984
75999
76007
76017
76026
76033
76034
76040
76051
76079
76099
76136
76228
76238
76255
76265
76272
76281
76290
76313
76328
76351
76390
76414
76450
76464
76536
76543
76583
76586
76591
76629
76641
76659
76682
76748
76771
76785
76789
76803
76833
76862
76887
76894
76975
76985
77008
77013
77023
77028
77044
77045
77053
77079
77122
77123
77165
77172
77207
77261
77271
77280
77281
77307
77311
77317
77321
77357
77371
77379
77396
77410
77425
77430
77435
77436
77437
77517
77575
77584
77594
77597
77601
77630
77646
77647
77650
77652
77658
77700
77713
77716
77739
77744
77762
77785
77785
77815
77827
77859
77868
77890
77931
77961
77988
78006
78036
78039
78043
78053
78071
78078
78084
78115
78135
78152
78156
78172
78214
78228
78251
78261
78272
78293
78306
78327
78328
78358
78401
78409
78426
78442
78508
78538
78579
78619
78620
78652
78656
78662
78690
78703
78735
78766
78770
78817
78841
78855
78894
78972
78996
79009
79061
79083
79097
79112
79121
79131
79149
79157
79164
79173
79190
79230
79276
79290
79341
79380
79410
79411
79431
79438
79441
79446
79448
79463
79463
79487
79505
79507
79560
79584
79588
79604
79620
79628
79630
79656
79711
79748
79749
79765
79767
79773
79793
79832
79832
79862
79867
79909
79912
79973
79995
79997
80009
80027
80031
80073
80073
80073
80077
80118
80138
80147
80148
80168
80171
80175
80193
80230
80234
80314
80330
80342
80375
80403
80411
80418
80430
80456
80457
80480
80500
80512
80521
80604
80629
80648
80653
80691
80694
80715
80750
80754
80847
80847
80855
80931
80976
80995
81013
81041
81043
81054
81090
81092
81124
81131
81208
81220
81229
81253
81272
81273
81283
81291
81297
81330
81330
81345
81371
81399
81402
81427
81439
81449
81451
81456
81502
81572
81599
81612
81620
81639
81678
81680
81691
81697
81757
81766
81792
81797
81810
81843
81860
81862
81866
81897
81922
81943
81960
81965
81986
82009
82032
82034
82041
82046
82057
82116
82126
82213
82222
82251
82289
82311
82342
82357
82369
82383
82403
82436
82441
82443
82452
82486
82504
82528
82532
82563
82584
82621
82625
82627
82627
82666
82667
82680
82710
82722
82731
82742
82757
82766
82790
82791
82818
82820
82835
82887
82925
82956
83039
83127
83174
83177
83178
83269
83278
83282
83311
83413
83454
83469
83489
83505
83508
83600
83602
83603
83608
83612
83659
83665
83673
83688
83694
83739
83772
83789
83792
83793
83817
83864
83908
83909
83912
83921
83948
83966
83991
83998
84018
84022
84023
84091
84122
84133
84180
84188
84200
84205
84212
84225
84229
84231
84234
84250
84256
84256
84291
84345
84347
84349
84407
84432
84493
84527
84537
84546
84588
84608
84619
84627
84666
84673
84674
84702
84734
84736
84785
84806
84886
84895
84896
84913
84998
85009
85061
85074
85139
85140
85184
85192
85242
85270
85278
85283
85289
85297
85337
85339
85340
85343
85354
85355
85458
85475
85549
85572
85588
85593
85602
85608
85617
85626
85650
85652
85711
85721
85729
85750
85758
85814
85842
85842
85866
85881
85896
85896
85905
85909
85943
85987
86007
86037
86061
86110
86122
86124
86193
86196
86207
86207
86223
86242
86246
86256
86284
86317
86320
86363
86375
86376
86449
86449
86454
86454
86455
86478
86491
86494
86537
86541
86541
86571
86610
86632
86664
86665
86674
86679
86724
86739
86776
86786
86815
86827
86852
86857
86859
86868
86872
86875
86889
86928
86936
86988
87023
87078
87089
87125
87162
87169
87175
87176
87214
87217
87223
87228
87238
87261
87268
87337
87339
87343
87371
87381
87413
87414
87435
87443
87453
87485
87487
87499
87509
87536
87546
87555
87555
87571
87632
87665
87684
87691
87710
87731
87747
87809
87835
87879
87892
87897
87915
87961
88000
89370
90064
90409
91331
92897
93043
93416
94227
94292
94409
95818
96233
97405
97407
97993
98281
98736
99584
100551
101148
101817
102411
102445
102741
103313
103342
104204
105018
105262
106079
106683
107444
107867
107922
108065
108225
108289
108345
108583
109113
109881
109971
110443
111021
111150
112787
113730
114266
116155
118330
118768
119406
119661
120400
122923
123001
123122
123258
123441
123774
124499
124895
125170
125533
125972
126590
126753
127351
128661
129134
129165
130528
132192
132266
132701
132996
133016
133083
133498
133947
133974
135369
136072
136909
138150
138690
139598
139716
140341
140787
141526
142231
143648
144175
144948
145735
146061
146184
148066
148108
149419
149750
150129
150291
150461
150720
150947
151015
151116
151189
153885
154338
154728
154986
155182
155211
155297
155573
155685
155882
156042
156143
157227
158325
158578
158991
160626
160791
161189
161925
161941
163199
165721
165775
165994
166488
167319
167525
168759
169053
169159
170361
170480
170877
171102
171726
172122
172423
173264
173531
173804
173817
174388
174818
175026
176676
176702
177588
177956
179411
180072
183945
184627
185913
186630
187862
188586
190513
192426
195189
196250
198529
199413
199874
200404
200526
200779
201101
201336
203406
204587
205611
206160
206249
207629
208590
209986
210106
210966
212604
215032
216889
217064
217689
223180
223595
225125
225704
226153
227728
230662
230901
238416
238432
238996
240040
241861
243064
243338
245066
245908
246950
247031
249586
251044
251129
252465
252587
254392
255201
257206
260549
261966
262039
262554
265174
269173
270472
274385
280455
283480
290351
303015
303999
306228
310826
313583
315667
316957
317339
318326
318716
318756
318784
319979
321055
322161
324203
326862
330966
331392
336681
340467
342877
343490
353053
354173
356462
366937
367402
369733
370300
372475
373423
374174
374260
376552
379261
382715
382837
387283
387902
388287
390772
391916
391922
395646
396087
400046
402399
403067
404321
405143
408208
408834
410127
412891
415356
417023
418734
420421
423017
423387
424549
427584
428344
429394
430148
430563
432304
436750
437549
438726
438762
438786
441538
442525
445262
448088
449480
449889
454725
455220
457934
460941
465720
466006
468321
469281
471529
477227
481034
486017
488771
489562
490142
492912
493589
499039
502215
503113
506334
507509
509756
510369
512239
512376
514206
515642
519100
522160
523067
524127
524461
525432
529818
533161
537507
542511
542691
543002
554294
554781
556731
563362
566094
569531
583642
594085
596902
597187
599657
602444
608131
611594
638908
661325
662048
702482
702979
716100
747724
762356
779779
786890
794470
834003
837525
860266
878902
891307
892494
896245
926894
928022
933401
938471
942295
943422
948665
968840
972017
973764
974349
974944
975624
978770
980122
980814
981790
981811
981904
983785
985039
987760
988138
989472
990710
991364
993930
1000500
1000515
1002530
1006052
1006303
1007382
1008239
1008248
1016035
1018300
1019118
1019693
1021494
1025163
1025741
1027435
1027767
1032776
1038348
1040971
1042573
1042710
1043522
1047843
1048770
1050398
1051462
1054679
1055012
1055570
1151811
1193238
1203438
1205376
1222382
1244917
1262286
1270536
1292333
1313012
1321675
1350189
1358286
1369587
1371639
1390090
1392880
1394325
1402566
1406293
1439707
1450198
1460911
1466424
1492320
1519966
1570759
1571886
1579507
1581233
1637332
1644121
1645620
1660670
1666062
1676293
1681061
1684484
1690843
1692006
1699297
1700713
1703746
1707899
1715626
1719478
1724882
1731846
1739103
1751836
1769871
1798789
1816521
1823933
1830946
1853536
1882212
1892203
1926836
1929528
1949726
1960198
1965822
1973412
1973638
1978527
1984877
1986799
1995441
2020108
2038069
2041547
2042159
2046109
2049910
2114247
2115500
2135554
2155453
2174585
2471099
2473966
2507278
2520722
2540290
2561747
2579883
2580565
2580849
2581057
2582858
2590628
2591435
2594050
2594983
2595274
2595477
2595824
2618921
2619471
2666571
2667652
2668578
2680365
2717057
2747084
2758714
2772702
2777017
2779500
2792494
2793042
2808101
2813626
2815293
2819476
2826403
2844594
2850331
2850813
2868101
2873721
2893632
2898264
2899914
2904270
2918297
2929545
2933401
2940540
2944210
2949890
2953672
2974904
2982271
2985356
2986258
2988405
2991251
2991868
2997703
3010870
3016654
3019107
3027722
3032428
3039405
3049057
3053877
3055937
3181448
3192976
3213523
3234565
3239376
3292634
3292820
3328471
3329861
3332845
3345506
3373761
3381524
3406457
3414467
3460781
3471235
3491232
3495355
3511980
3632383
3644188
3653491
3660530
3670853
3873862
3887858
3888979
3913409
3915860
4053792
4058444
4066955
4068953
4092349
4101419
4107894
4111934
4113010
4120731
4844661
4864900
4872086
4873011
4890757
4931806
4960196
4965740
4982808
5015456
5286178
5307348
5323296
5328608
5367336
5560880
5572333
5576298
5598421
5603956
5826330
5828313
5846102
5891899
5895850
5901893
5904602
5947913
5960481
5983026
5986484
6019073
6035392
6041742
6062537
6524936
6550675
6559647
6565358
6571770
6897402
6897722
6946132
6946574
6951612
8196093
8198946
8225962
8239638
8244999
8302346
8314999
8338011
8350184
8356170
8721187
8755709
8781154
8787057
8793428