23417
14991
24064
22516
46939
39183
28131
19415
39787
45048
38321
23989
39660
29501
23252
43641
48752
10026
47186
15379
23756
17759
23901
26014
33570
25119
14275
19442
34568
31794
28395
41320
49543
36309
13345
45117
24801
17557
38608
26964
38700
41033
32285
35571
46429
32067
12054
14829
23408
28147
14743
44882
41888
33150
42728
33015
43203
37145
49450
46851
36459
33319
33913
10685
30196
10626
38019
26140
33130
31436
25294
19222
10269
16577
44075
19637
48207
29166
10540
40202
18725
25589
44332
32477
23643
38992
21511
43726
14013
44443
11141
14982
47702
38223
23219
41910
10979
27597
21267
23130
14852
34531
25634
38900
29632
18312
37720
45497
45714
14362
23543
28513
10544
31548
15240
36414
41378
11264
45268
28178
36677
28944
33306
28374
31046
18824
42596
27963
30604
42334
29973
26924
26196
32377
48778
21196
19673
11144
30964
14194
34613
12964
45635
37932
10170
41264
48835
42472
27013
34867
32475
29326
13587
18546
22897
49049
22096
10814
36531
31742
35584
17685
42701
21268
30696
15788
35502
24808
35879
19743
22396
11196
37398
15912
29293
34180
46042
25352
24394
34109
26241
22436
34595
39407
10118
33754
40192
18084
21266
17429
33384
41988
49070
43936
38709
45321
42759
12894
32683
37795
28751
19621
18597
26249
36633
18196
20092
34524
15623
31098
38840
20795
14277
34624
16340
24528
21817
46554
42765
34468
44099
26973
33570
20693
35653
39226
26523
40828
40937
22552
24831
41447
23817
12090
32205
33788
11693
45733
30715
14015
43865
20494
19126
29559
23464
23618
30852
35194
43599
10982
16833
15460
13762
29431
39736
21133
28719
13055
31656
18435
38698
43432
47451
11328
10605
25305
20987
24627
16625
44034
45850
14956
36276
25953
37310
42367
17069
46984
30889
21111
27246
18040
49361
35013
44047
17603
24940
30847
46651
18393
40027
47902
30230
26746
38826
44531
19391
33479
40037
46158
39983
36502
38774
41661
45582
38946
20514
49681
44437
31460
47815
26964
25883
35053
27585
20677
39479
23083
28406
25197
43285
12566
36822
30807
34252
18199
11753
41684
32166
14992
45852
39888
19806
32882
48553
47643
41191
29384
21728
45556
40987
26848
37887
35119
14818
10931
43638
33655
19817
40666
16649
23878
22877
29172
25718
37531
40513
47487
18847
32726
15100
49963
38878
31466
18156
34799
33433
27484
26360
12189
45593
49140
10047
43350
34951
48012
37306
33713
10123
41383
41700
18898
28775
44058
18788
42707
22697
42024
31687
11155
21208
17310
45411
41513
30401
47468
42853
44835
12330
49887
25781
13702
19611
14685
14140
23786
38776
36167
30670
44814
30375
14935
29226
35520
32281
12522
34672
22814
10531
17918
17049
10556
11107
24552
44374
10521
38340
42292
11332
42014
20029
19084
23743
42332
48771
47387
49450
38968
44377
20595
43316
27210
25759
31026
35598
27265
48294
10912
47739
27902
29143
13652
36843
41065
41919
47221
27704
37432
20948
35067
33068
22405
25897
24862
10322
41543
16211
33795
46819
44336
19727
45824
35046
35341
22553
13403
43161
27802
25111
41022
11261
29209
43448
32693
11812
11110
11874
44416
48494
46207
47871
24238
28896
26237
48742
31474
24278
36734
45241
28100
21348
21188
29323
35321
46084
16162
26002
17214
28464
15806
24608
39130
40496
30765
43967
41248
17257
27449
35950
26093
46958
32960
29699
48877
20295
39588
21200
34217
15225
22662
31506
43449
33303
11286
33533
34613
16810
21168
44749
37613
27904
42301
44446
36193
42198
29601
12947
19346
36018
33860
17994
35910
33548
17626
21322
42205
42911
17829
25293
45514
17677
26728
46117
19742
41704
40856
34884
38072
38011
27321
45957
32864
46428
37579
10415
35930
26416
36862
23996
30935
14080
17755
29669
16273
39821
24930
18212
33454
35294
17187
29386
24833
39077
34742
25542
35338
47490
20807
19581
21567
33377
47341
18988
34012
16082
41286
22867
14801
35614
12379
47000
13492
38434
18111
45808
17060
30896
41746
11196
23683
11114
44646
49447
18206
19192
49858
25485
49969
29131
18754
49024
36648
42897
11672
12671
43902
26598
14456
38697
22947
10461
38066
15103
38553
31454
21961
49983
21064
18740
37694
32358
41681
38539
21122
17422
26356
35824
20996
36241
10410
46738
37866
42869
42874
17571
22320
30284
17240
16263
30695
40678
25703
24089
33307
47473
29194
15820
42010
24346
43052
44413
28462
22634
29969
47978
36868
30826
30099
14479
24473
45006
23885
10517
44587
36478
34760
27935
42196
16366
26207
17571
11973
19859
41998
49522
18554
18507
44569
32226
41091
31354
46813
46941
24862
29496
15098
12821
24815
45898
28234
46544
34269
32632
24724
47075
20068
47051
11796
21867
23527
24123
29606
40317
41496
18411
11207
27210
47872
35472
42005
29868
31102
32202
41923
29034
40005
28164
14460
46195
37978
35424
26029
11565
42375
33108
30255
31844
14875
18713
40705
14105
38057
30821
24666
32095
30118
36964
20380
39610
48430
19396
17479
16410
15270
10251
15549
48795
39710
49778
26875
28006
11428
41290
47627
26526
18653
32413
22607
10665
29035
33634
24237
22968
29633
23355
11281
20454
36997
22463
28193
23754
38361
36902
23052
13299
10917
27225
26635
14721
42022
29252
26713
15655
23653
22889
26683
29933
36037
23612
28482
24599
26097
36426
22493
32579
24914
14542
32866
17360
22237
22929
16948
14103
31661
15760
45365
28866
32274
36026
32484
39993
15618
16080
14304
41428
29504
47028
17488
14359
21134
42311
40135
27720
39920
31163
21696
26898
17372
17167
28211
49155
37286
46991
12886
22641
47278
25430
35096
17420
10717
12477
46854
42680
47638
39225
22274
19048
49045
33011
35586
36209
33113
37547
10467
28758
18154
14447
28977
17018
48613
25397
46898
23334
31643
17023
36354
16107
48932
47801
33940
45262
15058
43149
35181
36684
18205
18863
33094
31519
45161
44814
13880
14265
34484
45792
47943
22194
41569
15215
34208
44164
43353
20086
37292
18800
16102
25719
11692
28135
18205
10066
11470
15697
25848
44352
18559
49279
26515
15364
30994
43584
19887
34494
34315
42480
13412
31225
29507
37913
31329
39865
48912
19617
48383
49622
41219
18100
20660
32679
32133
19250
33025
44943
15918
27631
23297
41880
27110
23217
47116
43116
32894
41759
48496
29921
39279
26938
36369
39571
47399
40845
38147
35730
17415
48756
46256
48227
38374
35375
21294
30407
38743
30859
20007
48910
16112
34087
37170
20331
17056
36460
13077
33377
32009
20531
23830
40094
18244
42957
27904
35252
28725
40916
19234
13983
17373
40780
38856
10850
30014
11128
26552
21959
28423
47645
19380
21188
35622
11162
31893
38588
20114
27544
34108
29840
35571
42790
16632
17746
11820
15483
11885
25553
35503
13709
34737
48867
24917
27584
36869
16618
29964
22834
21088
21916
26431
29896
32151
34646
27123
14595
33254
23197
10129
10500
23178
27437
22529
49273
25974
34851
26524
41772
15852
45270
28552
18153
48934
14383
13558
23314
31349
29355
37087
16122
40150
19199
31020
33093
22655
44641
48783
12052
10199
41074
17073
20869
16906
32282
25037
40406
29709
18634
43432
32967
37145
31995
23222
22867
46670
41535
14315
17585
46277
15251
45926
17195
30883
38006
25271
40366
28460
14531
43792
17180
18905
41535
22004
21029
34635
24326
32251
39683
13476
12894
10942
20737
34392
40562
45721
47602
21475
25408
38626
27484
16601
10891
48159
31370
48664
12039
17633
25393
47505
13202
19169
22539
40828
37157
12587
38965
10472
30849
13254
44863
24878
28812
13479
18690
33817
11851
18926
44416
21240
41848
34833
19666
10114
18337
45832
13219
17011
42909
26972
20463
41537
10242
12067
46869
32887
46305
48775
49081
34645
29010
40341
46328
16245
29445
34965
42494
10107
18500
28970
43614
14230
44873
26985
18747
24877
17054
33693
39977
16931
10173
33175
39976
19153
41070
20468
47760
27717
19650
32211
39049
47086
31459
16464
41897
30151
34398
33976
27933
10041
37642
27269
28786
20342
42180
22856
31671
37260
26807
48301
44036
35519
35413
42521
41919
11031
23341
30906
22192
46639
11720
39266
11575
14990
35864
18116
29854
11082
28499
43932
40181
46401
39795
26382
41649
17962
32118
24945
35649
20659
47498
39878
43975
33182
47619
14690
27002
18292
21994
17746
45612
45827
15151
40431
40039
25986
47069
37424
41578
15856
25039
44892
29520
38376
30644
21450
18568
23895
23744
17172
31981
27795
20036
42329
22201
14382
29627
46243
38875
46830
37608
48283
35825
20807
31954
31884
48402
31066
43862
44602
30413
11093
46106
46886
26015
44000
41980
14256
36963
43937
44911
31417
18251
37481
14243
36572
34827
21891
17319
10225
32300
47398
47732
36804
22785
25540
28059
12920
35645
37783
48122
18639
35896
23398
28028
28400
39574
32869
25809
23905
22285
23834
19107
26500
38203
31493
11476
27594
38819
22141
42963
35793
41567
46821
32981
44455
13940
20491
41717
18671
42323
48431
16783
31296
40526
32873
27028
32778
32639
26729
35354
44924
15143
35711
25060
17830
40697
44601
38260
27739
19672
19319
15536
11222
46757
45061
40998
47390
34614
20834
17164
11203
15993
13847
11351
22974
44222
43822
21123
38280
35845
44141
33736
42374
43790
22126
37612
43245
20300
35269
23261
26105
15761
36896
14906
47247
13364
26490
37247
43524
10295
42942
33535
39524
23191
25975
14561
26028
49784
43812
30998
10456
11097
16518
43672
47171
16839
48707
16781
17493
26408
13829
42368
44529
27577
13235
34230
21236
21272
16694
18836
42436
13382
44012
34574
31426
40023
31063
36659
41624
32430
19162
30040
47687
46051
39976
43247
14853
36940
18305
37896
37154
41130
18085
30048
41922
35921
31744
40334
39559
15429
32785
21440
45962
18013
22036
32950
38966
45362
46812
23781
27149
45131
40802
32280
46459
38345
35536
49536
26302
14393
27453
41185
18153
19987
20960
38936
21086
10739
29352
36234
44331
26768
42552
16977
27274
21335
27860
10396
26043
48226
25944
26742
25666
21934
23496
13817
20726
18302
20430
31657
37632
40998
39824
13573
16658
46740
21832
29268
24239
47242
37396
41426
47788
26802
44776
29585
31052
32083
44832
33702
34651
41590
27583
19214
41849
49911
26038
22781
21918
14045
16506
13268
10699
45839
35945
11250
30610
39569
40196
45988
23239
18989
44536
30250
45351
43553
30673
44134
10082
36062
35628
36099
47029
15947
20861
43837
26937
36705
12822
48943
31344
49334
40632
14659
40501
14949
29045
36162
16382
29330
29114
38481
40427
46801
38174
16757
31855
35007
42145
10464
14624
40593
17908
28434
28753
34847
43777
38109
21032
35073
32778
21964
38159
42611
30526
12906
16272
10131
13436
35507
46954
29537
30577
22828
44256
33172
13071
33219
29604
21602
21551
38100
10546
31261
41915
25099
47211
14278
16507
33336
47085
36092
14770
30312
34836
47455
17494
29630
25869
42495
30345
10105
40490
15804
21653
35185
27823
36016
48456
25344
26963
31349
20229
33996
45993
35269
39098
19274
25744
29555
42230
22305
19636
22505
15961
27431
20195
18874
45168
21040
19729
49417
43397
40029
16022
35319
45509
28163
32975
44704
41198
41922
46801
30154
19672
43274
18765
19336
46133
25881
41567
35696
10584
19474
17212
31364
20559
29980
26285
21850
15334
42403
15928
29428
24566
38632
27428
20467
24008
37160
35630
35299
21337
14172
28359
36395
37935
18945
44501
44516
41708
41063
30467
47358
27188
33786
12639
45853
28925
43965
46598
37110
33586
15337
34353
15349
12568
18669
18721
40367
47770
36664
10801
44101
31386
27140
16987
10152
30412
34152
48387
26453
38039
25246
19266
32274
20392
29825
27039
14870
39962
23278
37517
49605
45770
27290
18505
29899
12455
42093
48937
46672
44128
45324
24830
41880
19457
21225
35473
23276
14961
10879
31083
41814
35565
29629
39144
30374
27802
16192
12278
20561
39993
41441
30756
25752
16582
12171
31202
33229
42057
31867
37281
48741
10461
10011
26183
17872
42632
28973
32124
48220
12468
39062
42248
28951
12832
48086
21367
40013
17888
27945
30280
47151
35655
26351
18961
13283
10371
18252
25095
45642
32344
34569
19116
24089
10117
13485
43286
40604
30678
44468
34028
35301
33698
40377
39530
16389
43398
18003
12062
39852
28811
14963
45694
30773
48426
34704
44087
17974
37754
14327
27550
16541
12008
15608
49793
22280
38604
37942
19384
32090
13267
49893
19973
42660
29401
29852
13473
39881
21944
13951
48867
33090
46810
13966
49056
39864
41801
27817
17949
46148
28824
40653
36002
35932
32470
43588
48752
20245
37488
24667
10646
18624
23751
28832
22932
45146
48924
11311
48018
15266
23758
24456
46491
29683
24830
23221
46442
32942
34402
42889
41379
49438
29320
13402
39184
24560
30925
31444
41379
18014
12215
29819
19503
40849
28799
34663
12431
20760
21776
40963
39298
14915
18315
13214
41192
24390
20235
29051
43640
28101
38093
41274
34386
23372
39308
16909
43939
27872
47758
14745
21936
19923
49665
20858
30579
12887
10544
36370
24695
49388
48995
10448
45565
17754
23511
49789
13521
31559
27001
49812
15867
47548
43071
32450
27886
15689
34960
43773
45925
15542
14285
32901
34263
28782
21098
42537
29124
20072
28358
22186
27930
24272
27547
15908
42858
48646
40521
34669
15567
23518
11031
36348
38459
21157
47024
19508
27538
12669
18892
26050
46736
12639
11179
34390
34346
37633
33239
37028
17348
35677
35836
10957
27092
49648
48426
44261
40291
30465
37372
34030
49984
16388
30546
45659
49300
16207
33739
42469
45752
22060
19484
36480
49658
26899
37199
30011
13737
24208
46328
38170
38349
36775
46556
42671
33355
24539
36183
20301
11864
33978
31007
19931
49991
41087
13540
10178
42835
10238
17471
31726
15826
45531
47775
33919
13789
44064
34592
40559
27305
46479
33897
44520
17930
28946
13847
19809
18476
48259
20132
48385
13925
26129
16147
16181
36470
24918
39290
20336
13916
13170
39650
30305
40591
14412
14613
31599
26347
45633
12303
13778
13006
38122
32513
33704
34730
27921
45741
45897
42998
46245
17626
32131
21946
44451
48571
32708
48548
22209
19099
18197
20257
37149
43655
16912
33894
43302
47875
43139
32630
27253
26971
18701
37194
46731
34667
36524
21202
32989
19758
21707
27080
10594
15721
39145
24571
37848
36668
18901
39347
41687
48017
34306
45678
43126
30485
11452
19742
35478
46724
48345
36137
31245
44221
49868
11251
39084
48825
30386
12567
34931
30337
18984
40361
35487
34172
39553
11834
12622
35815
47597
20214
49112
12211
22483
14933
26380
11230
34159
11239
26702
21567
17683
46010
41402
18601
21632
45092
22894
27967
30908
44116
19938
28860
31609
26150
49561
11315
23903
27435
14804
49626
18148
20676
38741
11334
26588
14779
26058
21028
20857
32658
31345
38843
25571
46564
48097
21014
37091
48063
34577
18173
22636
10568
25221
25744
22480
22750
20891
39489
20646
25314
19001
32046
21586
22903
48395
26662
21287
31108
49015
40691
44177
34353
24926
42792
28498
43357
20832
37258
43784
48723
13769
39023
29728
43888
11380
28278
27309
18530
42304
37037
13982
45658
48482
33797
12335
18504
34245
14006
40350
13591
49780
11585
25806
13920
18154
31969
15712
49945
37913
35266
31386
40731
31342
43941
17119
40769
20785
35389
18328
34328
40532
12658
41498
44187
16949
28448
41139
24057
11651
35061
42944
12756
39231
13230
43312
41554
14708
19166
23804
22087
37593
24547
41537
26627
29627
34383
19205
29999
45495
24183
40787
44110
27938
46948
12001
23561
16829
40732
39995
10075
27177
48852
22429
15019
44910
22681
28792
19907
46250
36274
25293
49371
13837
43681
32458
43588
23522
36684
45670
30992
39485
12026
41049
21903
42835
41048
21647
19843
24758
33380
30632
27156
42712
25565
14204
48412
20110
19390
15468
22769
39602
42790
47679
29154
27073
25070
32540
34848
39201
27388
38576
18901
16988
40770
48824
24653
43171
44433
45270
49968
10658
24300
11965
25918
42876
43365
49430
37485
40174
47305
48197
41159
45066
45510
27674
22614
32736
20839
16497
35366
39306
18449
37824
26282
32756
12005
28101
36927
16477
22760
49059
26574
48996
43868
19045
22417
20172
28891
48121
44124
21614
24981
28285
44198
40761
43737
21402
41433
32845
20922
44672
10493
17028
23604
41580
22885
24547
18150
33105
29462
35771
32769
36400
41534
28879
44829
22968
18103
48498
41345
15514
38281
28313
45160
43212
49143
49750
18775
26997
29346
18125
41924
41144
28330
26158
16298
10786
45031
19997
33054
16441
26133
29703
40612
23735
47648
46107
19594
26214
32194
36739
49172
22157
37821
41358
40089
17088
43061
13061
21038
45389
20000
32087
22994
16386
13205
13279
44825
40321
14606
37989
27463
46861
26286
14697
38937
37747
40344
21694
34032
16556
49888
12854
32321
20344
41588
11285
44774
19089
15253
11561
41377
11582
42733
14187
49567
48465
49523
47980
24155
46104
38359
45272
42654
20493
33716
34746
33098
34908
15533
18102
42166
25699
17959
12310
29496
18257
25243
36882
38952
31578
11384
17037
20558
21868
21575
23570
19717
18101
40571
41634
20542
26276
18306
15184
16075
27871
33775
33609
31097
32182
37343
36139
34320
10036
23064
43366
42893
36462
41191
47886
44808
11435
19179
22419
10604
14305
20073
28659
41215
46815
32953
43189
26125
23347
17737
23842
13322
47987
40358
45849
20008
37812
27276
29033
49795
25211
39384
45083
12068
16017
30792
22691
41361
18076
37158
44495
14250
10760
32069
23626
34898
14174
13564
46590
36533
46959
28600
40380
21228
17960
13252
31591
25109
42537
31176
24447
24128
41878
40780
36634
39469
41965
45263
13761
11062
41385
35908
13051
39814
41921
21991
34708
42249
22368
36631
15215
38387
23109
27487
14771
25789
22753
11806
43277
10971
29873
46030
27781
37206
23567
37054
30405
44069
10499
39891
14022
47431
26841
43423
29602
46992
19618
15413
43439
48245
40022
13403
27134
32752
34229
37625
49384
11179
40743
16693
16979
12127
13676
33962
12135
41824
41997
30573
41685
29515
18764
12821
24459
47320
28867
23771
46159
19675
43852
31032
38331
20864
22582
46329
32075
37169
31493
22079
38364
16375
48440
41903
43764
23211
15115
16508
45446
30130
17836
10922
18841
23644
29419
42584
21413
25004
29667
19861
13578
17163
40191
37601
10406
32614
27275
18741
41092
16514
29626
46004
31718
39416
26307
24327
17044
44824
20651
40720
47118
12274
13120
44407
28369
16551
29718
20208
22581
30673
49744
40999
21808
38089
42578
37413
46354
18354
22357
40223
47675
29356
14999
35154
13492
25620
20874
34586
21258
23668
16577
40639
15888
39883
32692
14034
31524
31252
30531
45200
43992
13968
44360
42700
19488
16693
11832
48798
41525
13135
18503
42005
40165
37017
27381
13271
19087
39826
14991
49262
34011
33242
44023
43024
21261
36980
34794
42166
44461
37715
41332
26527
24170
28914
21272
13096
28056
34867
26908
10798
17710
29105
40381
10976
10349
38075
48924
12455
16519
46534
17390
11512
11685
40671
13633
47083
19130
14107
46436
32937
34886
49523
33985
19739
40060
48202
13811
28491
16133
39062
25359
36487
28115
34316
46684
38169
29057
31724
28349
37711
33659
27418
46558
22935
37610
46853
25108
34810
24126
40671
28637
26306
20077
12156
24607
29454
46411
33114
41930
13936
28004
49487
37827
46570
23384
11169
23925
45981
49456
31538
22685
24610
22015
34136
14798
40196
29627
18220
23123
40433
48556
15178
17800
22115
46909
21467
29810
27035
32771
39412
35009
43558
41937
41939
34117
27511
38089
36803
40889
39778
13593
38972
22968
45015
39285
11151
12811
31177
12122
11657
41150
27821
35463
31249
46156
38873
21070
22703
10305
45809
42583
41566
16043
14327
42690
20378
13403
10698
26368
20345
34219
46992
13695
16695
11319
45504
27369
34064
13612
16673
42597
34459
37046
18572
22351
39252
12729
28460
23098
16864
46596
42499
31808
13051
25993
24211
26400
43101
42196
12878
16164
10039
27917
10808
25917
24460
33401
15771
14485
40437
38527
35401
14884
15681
19778
10382
33171
28228
28893
34899
10066
17904
37370
29748
27921
39163
29678
10405
32704
47859
35177
20453
24348
13004
41674
16650
17014
30128
44191
47762
36634
28708
20912
36687
16766
15951
16019
48586
37938
20287
45839
32136
24833
22481
29225
33589
33526
47702
17035
28759
45255
31644
12121
13361
48764
14935
14108
25599
36092
43769
26745
13543
47419
10868
27631
23084
15822
20529
42737
31992
20241
10562
36509
21637
41356
37526
48576
18752
39339
25334
14100
32407
15455
13048
46909
14034
26079
39907
30267
46364
13914
28122
26372
16386
30901
18970
27511
44365
12097
46969
36521
32263
34693
27830
11089
37525
12514
31263
25293
31890
24576
23044
19276
20080
11582
12329
44327
46736
46554
33691
40051
22890
36789
20128
48502
24995
18344
10358
14124
12862
20025
43600
24837
35223
46255
34150
17911
16724
30808
49644
20525
27997
14582
20281
34618
48046
25337
38864
19702
37675
26472
31368
14610
46598
25689
31425
25371
35676
20637
46635
11632
48619
13543
31239
27703
48647
28811
16936
20002
41021
14801
16265
36816
49723
20348
12961
10841
42016
23817
18182
22850
35059
33478
17556
17789
26498
37621
47553
43100
17052
43369
14307
44428
38755
48680
12332
41826
19537
13120
10158
25374
27131
43866
20150
45826
44505
10853
18893
12519
18758
22653
28327
11270
42462
45283
19540
49009
14113
42561
25076
36306
16043
40403
24880
11980
49838
20590
49052
21219
24009
43730
14162
40273
47805
39082
41407
45006
42926
41501
49789
48697
24513
11129
42562
22092
42983
16779
11001
30373
35848
32090
19244
48276
27650
13321
35258
19907
35780
45956
17673
39356
49932
41830
37145
44906
35929
45916
10997
28056
19843
45454
45888
28297
14237
43355
22555
38319
18376
36542
40589
19639
48577
47510
32623
12277
30033
34056
46760
48754
10055
43515
32308
26974
32626
26421
38159
22517
41711
37798
18486
29017
18202
41190
36016
34821
37674
44428
36474
24825
16849
28702
17026
42773
36721
44578
49627
28619
27702
16727
15897
48088
12450
43533
34787
26165
37245
22255
13891
39185
31340
44488
30318
17832
25430
43931
46389
42412
28529
17983
33705
35242
21645
44138
30191
33281
39380
18985
36188
26047
31287
32622
14016
40586
23328
13697
11499
41886
47055
19054
37202
25288
43394
29551
31304
48554
40896
45109
45373
48335
29812
48361
21572
21537
35809
26746
47787
25843
33956
24160
28195
30174
38453
42069
28666
41090
34870
17763
13970
34260
22220
29856
11379
33495
45907
14876
46830
40787
21549
49675
47807
42983
36442
33818
45773
21360
25995
17694
10281
38057
14301
27440
35717
11322
39133
29869
33423
43002
40692
13425
20887
16149
17776
12878
28242
32546
32106
20893
30193
31047
27816
45119
42214
23474
35493
24203
21775
38264
21831
17486
18926
47597
22541
38035
39558
39094
16944
35430
14100
12996
11941
27964
18568
13998
12963
32503
43793
10095
30908
27302
10129
47501
37894
48790
10474
36655
33312
25799
26193
35424
28198
44038
38731
22641
13011
38737
39091
26184
26162
30253
44938
47070
23584
18003
40842
18263
45605
13884
49033
12406
14019
32187
38717
37181
37756
23332
19595
29558
43313
39356
15175
13764
49232
16074
19158
44949
14305
29973
33640
22293
33783
27776
29732
14744
17914
41328
37876
38122
29262
40207
30012
42837
30579
17038
19786
21739
44488
42659
35945
32492
42809
24473
42396
41619
23269
24685
43233
33166
39622
39741
22900
46422
24333
20201
18340
22928
41266
13908
35852
29544
15726
37605
25856
21893
17245
33586
15189
38844
31669
43530
40802
15230
27317
46374
14969
26845
35638
18205
38177
26162
45435
24598
12263
28350
37714
34874
47050
18776
42272
34393
11543
12017
32952
42970
40401
18930
47781
30448
29256
11495
27980
29746
27987
35167
48740
25263
41989
15824
39114
28209
16978
20414
16480
35607
40532
25202
12228
39922
23313
15492
20673
35594
17599
25338
28365
37651
40577
22615
30966
11920
16283
25314
29676
17586
10982
24778
29166
17198
20876
40460
34451
35755
14411
30780
44832
33620
24603
29899
27956
21664
37963
10996
19170
24471
44837
39877
27029
11793
30506
34026
10133
47130
12981
46348
44687
32626
44243
19433
40953
34009
28787
48129
30324
17443
11323
49581
40616
16180
45551
20496
33043
34281
33098
17855
19346
37241
22127
41973
47227
20547
43264
30971
27323
43503
41586
15390
46244
37459
19627
42130
23466
17142
29199
20067
17309
15917
35364
36211
16928
40735
10648
40602
31061
47260
12644
21773
30902
41832
43948
17461
41358
14568
22923
21075
35147
37765
44389
32271
39553
18542
13718
28427
13978
12841
14110
22062
16179
39128
15395
48275
29663
17045
30056
24628
31220
27463
13831
36826
29067
43254
43450
36753
18904
45987
48378
23397
23007
24369
16410
26840
36226
21594
37672
39767
14522
31630
46208
15329
13206
35216
37139
40729
38206
21151
25758
33365
49648
21488
20085
30972
35356
13014
10517
38872
32248
39869
19817
39318
42888
46004
28606
24923
32333
43373
28767
24554
11671
45433
37496
31740
45343
44299
17645
10990
39401
28839
21917
10118
11063
30053
47335
21001
37719
35068
29173
11873
42836
13386
26931
31243
12779
14184
13695
35926
47715
19028
42248
26166
35769
23257
37517
17460
30482
40179
13001
28177
10501
17223
38881
13825
38797
16032
10103
10710
31737
41607
11512
42982
39633
49864
38988
29756
15202
21812
47271
25144
17475
11464
21512
31330
26472
12714
13857
22833
39406
11425
32381
25219
18396
46449
24714
31462
29982
25606
35660
18279
49911
24267
10695
37511
34688
10900
34605
20446
31683
20926
24756
13640
39939
16566
49387
47514
20926
17607
33517
36349
26039
29495
26049
44157
45589
12778
45058
31134
40106
16834
36712
29652
46724