23417
14991
24064
22516
46939
39183
28131
19415
39787
45048
38321
23989
39660
29501
23252
43641
48752
10026
47186
15379
23756
17759
23901
26014
33570
25119
14275
19442
34568
31794
28395
41320
49543
36309
13345
45117
24801
17557
38608
26964
38700
41033
32285
35571
46429
32067
12054
14829
23408
28147
14743
44882
41888
33150
42728
33015
43203
37145
49450
46851
36459
33319
33913
10685
30196
10626
38019
26140
33130
31436
25294
19222
10269
16577
44075
19637
48207
29166
10540
40202
18725
25589
44332
32477
23643
38992
21511
43726
14013
44443
11141
14982
47702
38223
23219
41910
10979
27597
21267
23130
14852
34531
25634
38900
29632
18312
37720
45497
45714
14362
23543
28513
10544
31548
15240
36414
41378
11264
45268
28178
36677
28944
33306
28374
31046
18824
42596
27963
30604
42334
29973
26924
26196
32377
48778
21196
19673
11144
30964
14194
34613
12964
45635
37932
10170
41264
48835
42472
27013
34867
32475
29326
13587
18546
22897
49049
22096
10814
36531
31742
35584
17685
42701
21268
30696
15788
35502
24808
35879
19743
22396
11196
37398
15912
29293
34180
46042
25352
24394
34109
26241
22436
34595
39407
10118
33754
40192
18084
21266
17429
33384
41988
49070
43936
38709
45321
42759
12894
32683
37795
28751
19621
18597
26249
36633
18196
20092
34524
15623
31098
38840
20795
14277
34624
16340
24528
21817
46554
42765
34468
44099
26973
33570
20693
35653
39226
26523
40828
40937
22552
24831
41447
23817
12090
32205
33788
11693
45733
30715
14015
43865
20494
19126
29559
23464
23618
30852
35194
43599
10982
16833
15460
13762
29431
39736
21133
28719
13055
31656
18435
38698
43432
47451
11328
10605
25305
20987
24627
16625
44034
45850
14956
36276
25953
37310
42367
17069
46984
30889
21111
27246
18040
49361
35013
44047
17603
24940
30847
46651
18393
40027
47902
30230
26746
38826
44531
19391
33479
40037
46158
39983
36502
38774
41661
45582
38946
20514
49681
44437
31460
47815
26964
25883
35053
27585
20677
39479
23083
28406
25197
43285
12566
36822
30807
34252
18199
11753
41684
32166
14992
45852
39888
19806
32882
48553
47643
41191
29384
21728
45556
40987
26848
37887
35119
14818
10931
43638
33655
19817
40666
16649
23878
22877
29172
25718
37531
40513
47487
18847
32726
15100
49963
38878
31466
18156
34799
33433
27484
26360
12189
45593
49140
10047
43350
34951
48012
37306
33713
10123
41383
41700
18898
28775
44058
18788
42707
22697
42024
31687
11155
21208
17310
45411
41513
30401
47468
42853
44835
12330
49887
25781
13702
19611
14685
14140
23786
38776
36167
30670
44814
30375
14935
29226
35520
32281
12522
34672
22814
10531
17918
17049
10556
11107
24552
44374
10521
38340
42292
11332
42014
20029
19084
23743
42332
48771
47387
49450
38968
44377
20595
43316
27210
25759
31026
35598
27265
48294
10912
47739
27902
29143
13652
36843
41065
41919
47221
27704
37432
20948
35067
33068
22405
25897
24862
10322
41543
16211
33795
46819
44336
19727
45824
35046
35341
22553
13403
43161
27802
25111
41022
11261
29209
43448
32693
11812
11110
11874
44416
48494
46207
47871
24238
28896
26237
48742
31474
24278
36734
45241
28100
21348
21188
29323
35321
46084
16162
26002
17214
28464
15806
24608
39130
40496
30765
43967
41248
17257
27449
35950
26093
46958
32960
29699
48877
20295
39588
21200
34217
15225
22662
31506
43449
33303
11286
33533
34613
16810
21168
44749
37613
27904
42301
44446
36193
42198
29601
12947
19346
36018
33860
17994
35910
33548
17626
21322
42205
42911
17829
25293
45514
17677
26728
46117
19742
41704
40856
34884
38072
38011
27321
45957
32864
46428
37579
10415
35930
26416
36862
23996
30935
14080
17755
29669
16273
39821
24930
18212
33454
35294
17187
29386
24833
39077
34742
25542
35338
47490
20807
19581
21567
33377
47341
18988
34012
16082
41286
22867
14801
35614
12379
47000
13492
38434
18111
45808
17060
30896
41746
11196
23683
11114
44646
49447
18206
19192
49858
25485
49969
29131
18754
49024
36648
42897
11672
12671
43902
26598
14456
38697
22947
10461
38066
15103
38553
31454
21961
49983
21064
18740
37694
32358
41681
38539
21122
17422
26356
35824
20996
36241
10410
46738
37866
42869
42874
17571
22320
30284
17240
16263
30695
40678
25703
24089
33307
47473
29194
15820
42010
24346
43052
44413
28462
22634
29969
47978
36868
30826
30099
14479
24473
45006
23885
10517
44587
36478
34760
27935
42196
16366
26207
17571
11973
19859
41998
49522
18554
18507
44569
32226
41091
31354
46813
46941
24862
29496
15098
12821
24815
45898
28234
46544
34269
32632
24724
47075
20068
47051
11796
21867
23527
24123
29606
40317
41496
18411
11207
27210
47872
35472
42005
29868
31102
32202
41923
29034
40005
28164
14460
46195
37978
35424
26029
11565
42375
33108
30255
31844
14875
18713
40705
14105
38057
30821
24666
32095
30118
36964
20380
39610
48430
19396
17479
16410
15270
10251
15549
48795
39710
49778
26875
28006
11428
41290
47627
26526
18653
32413
22607
10665
29035
33634
24237
22968
29633
23355
11281
20454
36997
22463
28193
23754
38361
36902
23052
13299
10917
27225
26635
14721
42022
29252
26713
15655
23653
22889
26683
29933
36037
23612
28482
24599
26097
36426
22493
32579
24914
14542
32866
17360
22237
22929
16948
14103
31661
15760
45365
28866
32274
36026
32484
39993
15618
16080
14304
41428
29504
47028
17488
14359
21134
42311
40135
27720
39920
31163
21696
26898
17372
17167
28211
49155
37286
46991
12886
22641
47278
25430
35096
17420
10717
12477
46854
42680
47638
39225
22274
19048
49045
33011
35586
36209
33113
37547
10467
28758
18154
14447
28977
17018
48613
25397
46898
23334
31643
17023
36354
16107
48932
47801
33940
45262
15058
43149
35181
36684
18205
18863
33094
31519
45161
44814
13880
14265
34484
45792
47943
22194
41569
15215
34208
44164
43353
20086
37292
18800
16102
25719
11692
28135
18205
10066
11470
15697
25848
44352
18559
49279
26515
15364
30994
43584
19887
34494
34315
42480
13412
31225
29507
37913
31329
39865
48912
19617
48383
49622
41219
18100
20660
32679
32133
19250
33025
44943
15918
27631
23297
41880
27110
23217
47116
43116
32894
41759
48496
29921
39279
26938
36369
39571
47399
40845
38147
35730
17415
48756
46256
48227
38374
35375
21294
30407
38743
30859
20007
48910
16112
34087
37170
20331
17056