23417
14991
24064
22516
46939
39183
28131
19415
39787
45048
38321
23989
39660
29501
23252
43641
48752
10026
47186
15379
23756
17759
23901
26014
33570
25119
14275
19442
34568
31794
28395
41320
49543
36309
13345
45117
24801
17557
38608
26964
38700
41033
32285
35571
46429
32067
12054
14829
23408
28147
14743
44882
41888
33150
42728
33015
43203
37145
49450
46851
36459
33319
33913
10685
30196
10626
38019
26140
33130
31436
25294
19222
10269
16577
44075
19637
48207
29166
10540
40202
18725
25589
44332
32477
23643
38992
21511
43726
14013
44443
11141
14982
47702
38223
23219
41910
10979
27597
21267
23130
14852
34531
25634
38900
29632
18312
37720
45497
45714
14362
23543
28513
10544
31548
15240
36414
41378
11264
45268
28178
36677
28944
33306
28374
31046
18824
42596
27963
30604
42334
29973
26924
26196
32377
48778
21196
19673
11144
30964
14194
34613
12964
45635
37932
10170
41264
48835
42472
27013
34867
32475
29326
13587
18546
22897
49049
22096
10814
36531
31742
35584
17685
42701
21268
30696
15788
35502
24808
35879
19743
22396
11196
37398
15912
29293
34180
46042
25352
24394
34109
26241
22436
34595
39407
10118
33754
40192
18084
21266
17429
33384
41988
49070
43936
38709
45321
42759
12894
32683
37795
28751
19621
18597
26249
36633
18196
20092
34524
15623
31098
38840
20795
14277
34624
16340
24528
21817
46554
42765
34468
44099
26973
33570
20693
35653
39226
26523
40828
40937
22552
24831
41447
23817
12090
32205
33788
11693
45733
30715
14015
43865
20494
19126
29559
23464
23618
30852
35194
43599
10982
16833
15460
13762
29431
39736
21133
28719
13055
31656
18435
38698
43432
47451
11328
10605
25305
20987
24627
16625
44034
45850
14956
36276
25953
37310
42367
17069
46984
30889
21111
27246
18040
49361
35013
44047
17603
24940
30847
46651
18393
40027
47902
30230
26746
38826
44531
19391
33479
40037
46158
39983
36502
38774
41661
45582
38946
20514
49681
44437
31460
47815
26964
25883
35053
27585
20677
39479
23083
28406
25197
43285
12566
36822
30807
34252
18199
11753
41684
32166
14992
45852
39888
19806
32882
48553
47643
41191
29384
21728
45556
40987
26848
37887
35119
14818
10931
43638
33655
19817
40666
16649
23878
22877
29172
25718
37531
40513
47487
18847
32726
15100
49963
38878
31466
18156
34799
33433
27484
26360
12189
45593
49140
10047
43350
34951
48012
37306
33713
10123
41383
41700
18898
28775
44058
18788
42707
22697
42024
31687
11155
21208
17310
45411
41513
30401
47468
42853
44835
12330
49887
25781
13702
19611
14685
14140
23786
38776
36167
30670
44814
30375
14935
29226
35520
32281
12522
34672
22814
10531
17918
17049
10556
11107
24552
44374
10521
38340
42292
11332
42014
20029
19084
23743
42332
48771
47387
49450
38968
44377
20595
43316
27210
25759
31026
35598
27265
48294
10912
47739
27902
29143
13652
36843
41065
41919
47221
27704
37432
20948
35067
33068
22405
25897
24862
10322
41543
16211
33795
46819
44336
19727
45824
35046
35341
22553
13403
43161
27802
25111
41022
11261
29209
43448
32693
11812
11110
11874
44416
48494
46207
47871
24238
28896
26237
48742
31474
24278
36734
45241
28100
21348
21188
29323
35321
46084
16162
26002
17214
28464
15806
24608
39130
40496
30765
43967
41248
17257
27449
35950
26093
46958
32960
29699
48877
20295
39588
21200
34217
15225
22662
31506
43449
33303
11286
33533
34613
16810
21168
44749
37613
27904
42301
44446
36193
42198
29601
12947
19346
36018
33860
17994
35910
33548
17626
21322
42205
42911
17829
25293
45514
17677
26728
46117
19742
41704
40856
34884
38072
38011
27321
45957
32864
46428
37579
10415
35930
26416
36862
23996
30935
14080
17755
29669
16273
39821
24930
18212
33454
35294
17187
29386
24833
39077
34742
25542
35338
47490
20807
19581
21567
33377
47341
18988
34012
16082
41286
22867
14801
35614
12379
47000
13492
38434
18111
45808
17060
30896
41746
11196
23683
11114
44646
49447
18206
19192
49858
25485
49969
29131
18754
49024
36648
42897
11672
12671
43902
26598
14456
38697
22947
10461
38066
15103
38553
31454
21961
49983
21064
18740
37694
32358
41681
38539
21122
17422
26356
35824
20996
36241
10410
46738
37866
42869
42874
17571
22320
30284
17240
16263
30695
40678
25703
24089
33307
47473
29194
15820
42010
24346
43052
44413
28462
22634
29969
47978
36868
30826
30099
14479
24473
45006
23885
10517
44587
36478
34760
27935
42196
16366
26207
17571
11973
19859
41998
49522
18554
18507
44569
32226
41091
31354
46813
46941
24862
29496
15098
12821
24815
45898
28234
46544
34269
32632
24724
47075
20068
47051
11796
21867
23527
24123
29606
40317
41496
18411
11207
27210
47872
35472
42005
29868
31102
32202
41923
29034
40005
28164
14460
46195
37978
35424
26029
11565
42375
33108
30255
31844
14875
18713
40705
14105
38057
30821
24666
32095
30118
36964
20380
39610
48430
19396
17479
16410
15270
10251
15549
48795
39710
49778
26875
28006
11428
41290
47627
26526
18653
32413
22607
10665
29035
33634
24237
22968
29633
23355
11281
20454
36997
22463
28193
23754
38361
36902
23052
13299
10917
27225
26635
14721
42022
29252
26713
15655
23653
22889
26683
29933
36037
23612
28482
24599
26097
36426
22493
32579
24914
14542
32866
17360
22237
22929
16948
14103
31661
15760
45365
28866
32274
36026
32484
39993
15618
16080
14304
41428
29504
47028
17488
14359
21134
42311
40135
27720
39920
31163
21696
26898
17372
17167
28211
49155
37286
46991
12886
22641
47278
25430
35096
17420
10717
12477
46854
42680
47638
39225
22274
19048
49045
33011
35586
36209
33113
37547
10467
28758
18154
14447
28977
17018
48613
25397
46898
23334
31643
17023
36354
16107
48932
47801
33940
45262
15058
43149
35181
36684
18205
18863
33094
31519
45161
44814
13880
14265
34484
45792
47943
22194
41569
15215
34208
44164
43353
20086
37292
18800
16102
25719
11692
28135
18205
10066
11470
15697
25848
44352
18559
49279
26515
15364
30994
43584
19887
34494
34315
42480
13412
31225
29507
37913
31329
39865
48912
19617
48383
49622
41219
18100
20660
32679
32133
19250
33025
44943
15918
27631
23297
41880
27110
23217
47116
43116
32894
41759
48496
29921
39279
26938
36369
39571
47399
40845
38147
35730
17415
48756
46256
48227
38374
35375
21294
30407
38743
30859
20007
48910
16112
34087
37170
20331
17056
36460
13077
33377
32009
20531
23830
40094
18244
42957
27904
35252
28725
40916
19234
13983
17373
40780
38856
10850
30014
11128
26552
21959
28423
47645
19380
21188
35622
11162
31893
38588
20114
27544
34108
29840
35571
42790
16632
17746
11820
15483
11885
25553
35503
13709
34737
48867
24917
27584
36869
16618
29964
22834
21088
21916
26431
29896
32151
34646
27123
14595
33254
23197
10129
10500
23178
27437
22529
49273
25974
34851
26524
41772
15852
45270
28552
18153
48934
14383
13558
23314
31349
29355
37087
16122
40150
19199
31020
33093
22655
44641
48783
12052
10199
41074
17073
20869
16906
32282
25037
40406
29709
18634
43432
32967
37145
31995
23222
22867
46670
41535
14315
17585
46277
15251
45926
17195
30883
38006
25271
40366
28460
14531
43792
17180
18905
41535
22004
21029
34635
24326
32251
39683
13476
12894
10942
20737
34392
40562
45721
47602
21475
25408
38626
27484
16601
10891
48159
31370
48664
12039
17633
25393
47505
13202
19169
22539
40828
37157
12587
38965
10472
30849
13254
44863
24878
28812
13479
18690
33817
11851
18926
44416
21240
41848
34833
19666
10114
18337
45832
13219
17011
42909
26972
20463
41537
10242
12067
46869
32887
46305
48775
49081
34645
29010
40341
46328
16245
29445
34965
42494
10107
18500
28970
43614
14230
44873
26985
18747
24877
17054
33693
39977
16931
10173
33175
39976
19153
41070
20468
47760
27717
19650
32211
39049
47086
31459
16464
41897
30151
34398
33976
27933
10041
37642
27269
28786
20342
42180
22856
31671
37260
26807
48301
44036
35519
35413
42521
41919
11031
23341
30906
22192
46639
11720
39266
11575
14990
35864
18116
29854
11082
28499
43932
40181
46401
39795
26382
41649
17962
32118
24945
35649
20659
47498
39878
43975
33182
47619
14690
27002
18292
21994
17746
45612
45827
15151
40431
40039
25986
47069
37424
41578
15856
25039
44892
29520
38376
30644
21450
18568
23895
23744
17172
31981
27795
20036
42329
22201
14382
29627
46243
38875
46830
37608
48283
35825
20807
31954
31884
48402
31066
43862
44602
30413
11093
46106
46886
26015
44000
41980
14256
36963
43937
44911
31417
18251
37481
14243
36572
34827
21891
17319
10225
32300
47398
47732
36804
22785
25540
28059
12920
35645
37783
48122
18639
35896
23398
28028
28400
39574
32869
25809
23905
22285
23834
19107
26500
38203
31493
11476
27594
38819
22141
42963
35793
41567
46821
32981
44455
13940
20491
41717
18671
42323
48431
16783
31296
40526
32873
27028
32778
32639
26729
35354
44924
15143
35711
25060
17830
40697
44601
38260
27739
19672
19319
15536
11222
46757
45061
40998
47390
34614
20834
17164
11203
15993
13847
11351
22974
44222
43822
21123
38280
35845
44141
33736
42374
43790
22126
37612
43245
20300
35269
23261
26105
15761
36896
14906
47247
13364
26490
37247
43524
10295
42942
33535
39524
23191
25975
14561
26028
49784
43812
30998
10456
11097
16518
43672
47171
16839
48707
16781
17493
26408
13829
42368
44529
27577
13235
34230
21236
21272
16694
18836
42436
13382
44012
34574
31426
40023
31063
36659
41624
32430
19162
30040
47687
46051
39976
43247
14853
36940
18305
37896
37154
41130
18085
30048
41922
35921
31744
40334
39559
15429
32785
21440
45962
18013
22036
32950
38966
45362
46812
23781
27149
45131
40802
32280
46459
38345
35536
49536
26302
14393
27453
41185
18153
19987
20960
38936
21086
10739
29352
36234
44331
26768
42552
16977
27274
21335
27860
10396
26043
48226
25944
26742
25666
21934
23496
13817
20726
18302
20430
31657
37632
40998
39824
13573
16658
46740
21832
29268
24239
47242
37396
41426
47788
26802
44776
29585
31052
32083
44832
33702
34651
41590
27583
19214
41849
49911
26038
22781
21918
14045
16506
13268
10699
45839
35945
11250
30610
39569
40196
45988
23239
18989
44536
30250
45351
43553
30673
44134
10082
36062
35628
36099
47029
15947
20861
43837
26937
36705
12822
48943
31344
49334
40632
14659
40501
14949
29045
36162
16382
29330
29114
38481
40427
46801
38174
16757
31855
35007
42145
10464
14624
40593
17908
28434
28753
34847
43777
38109
21032
35073
32778
21964
38159
42611
30526
12906
16272
10131
13436
35507
46954
29537
30577
22828
44256
33172
13071
33219
29604
21602
21551
38100
10546
31261
41915
25099
47211
14278
16507
33336
47085
36092
14770
30312
34836
47455
17494
29630
25869
42495
30345
10105
40490
15804
21653
35185
27823
36016
48456
25344
26963
31349
20229
33996
45993
35269
39098
19274
25744
29555
42230
22305
19636
22505
15961
27431
20195
18874
45168
21040
19729
49417
43397
40029
16022
35319
45509
28163
32975
44704
41198
41922
46801
30154
19672
43274
18765
19336
46133
25881
41567
35696
10584
19474
17212
31364
20559
29980
26285
21850
15334
42403
15928
29428
24566
38632
27428
20467
24008
37160
35630
35299
21337
14172
28359
36395
37935
18945
44501
44516
41708
41063
30467
47358
27188
33786
12639
45853
28925
43965
46598
37110
33586
15337
34353
15349
12568
18669
18721
40367
47770
36664
10801
44101
31386
27140
16987
10152
30412
34152
48387
26453
38039
25246
19266
32274
20392
29825
27039
14870
39962
23278
37517
49605
45770
27290
18505
29899
12455
42093
48937
46672
44128
45324
24830
41880
19457
21225
35473
23276
14961
10879
31083
41814
35565
29629
39144
30374
27802
16192
12278
20561
39993
41441
30756
25752
16582
12171
31202
33229
42057
31867
37281
48741
10461
10011
26183
17872
42632
28973
32124
48220
12468
39062
42248
28951
12832
48086
21367
40013
17888
27945
30280
47151
35655
26351
18961
13283
10371
18252
25095
45642
32344
34569
19116
24089
10117
13485
43286
40604
30678
44468
34028
35301
33698
40377
39530
16389
43398
18003
12062
39852
28811
14963
45694
30773
48426
34704
44087
17974
37754
14327
27550
16541
12008
15608
49793
22280
38604
37942
19384
32090
13267
49893
19973
42660
29401
29852
13473
39881
21944
13951
48867
33090
46810
13966
49056
39864
41801
27817
17949
46148
28824
40653
36002
35932
32470
43588
48752
20245
37488
24667
10646
18624
23751
28832
22932
45146
48924
11311
48018
15266
23758
24456
46491
29683
24830
23221
46442
32942
34402
42889
41379
49438
29320
13402
39184
24560
30925
31444
41379
18014
12215
29819
19503
40849
28799
34663
12431
20760
21776
40963
39298
14915
18315
13214
41192
24390
20235
29051
43640
28101
38093
41274
34386
23372
39308
16909
43939
27872
47758
14745
21936
19923
49665
20858
30579
12887
10544
36370
24695
49388
48995
10448
45565
17754
23511
49789
13521
31559
27001
49812
15867
47548
43071
32450
27886
15689
34960
43773
45925
15542
14285
32901
34263
28782
21098
42537
29124
20072
28358
22186
27930
24272
27547
15908
42858
48646
40521
34669
15567
23518
11031
36348
38459
21157
47024
19508
27538
12669
18892
26050
46736
12639
11179
34390
34346
37633
33239
37028
17348
35677
35836
10957
27092
49648
48426
44261
40291
30465
37372
34030
49984
16388
30546
45659
49300
16207
33739
42469
45752
22060
19484
36480
49658
26899
37199
30011
13737
24208
46328
38170
38349
36775
46556
42671
33355
24539
36183
20301
11864
33978
31007
19931
49991
41087
13540
10178
42835
10238
17471
31726
15826
45531
47775
33919
13789
44064
34592
40559
27305
46479
33897
44520
17930
28946
13847
19809
18476
48259
20132
48385
13925
26129
16147
16181
36470
24918
39290
20336
13916
13170
39650
30305
40591
14412
14613
31599
26347
45633
12303
13778
13006
38122
32513
33704
34730
27921
45741
45897
42998
46245
17626
32131
21946
44451
48571
32708
48548
22209
19099
18197
20257
37149
43655
16912
33894
43302
47875
43139
32630
27253
26971
18701
37194
46731
34667
36524
21202
32989
19758
21707
27080
10594
15721
39145
24571
37848
36668
18901
39347
41687
48017
34306
45678
43126
30485
11452
19742
35478
46724
48345
36137
31245
44221
49868
11251
39084
48825
30386
12567
34931
30337
18984
40361
35487
34172
39553
11834
12622
35815
47597
20214
49112
12211
22483
14933
26380
11230
34159
11239
26702
21567
17683
46010
41402
18601
21632
45092
22894
27967
30908
44116
19938
28860
31609
26150
49561
11315
23903
27435
14804
49626
18148
20676
38741
11334
26588
14779
26058
21028
20857
32658
31345
38843
25571
46564
48097
21014
37091
48063
34577
18173
22636
10568
25221
25744
22480
22750
20891
39489
20646
25314
19001
32046
21586
22903
48395
26662
21287
31108
49015
40691
44177
34353
24926
42792
28498
43357
20832
37258
43784
48723
13769
39023
29728
43888
11380
28278
27309
18530
42304
37037
13982
45658
48482
33797
12335
18504
34245
14006
40350
13591
49780
11585
25806
13920
18154
31969
15712
49945
37913
35266
31386
40731
31342
43941
17119
40769
20785
35389
18328
34328
40532
12658
41498
44187
16949
28448
41139
24057
11651
35061
42944
12756
39231
13230
43312
41554
14708
19166
23804
22087
37593
24547
41537
26627
29627
34383
19205
29999
45495
24183
40787
44110
27938
46948
12001
23561
16829
40732
39995
10075
27177
48852
22429
15019
44910
22681
28792
19907
46250
36274
25293
49371
13837
43681
32458
43588
23522
36684
45670
30992
39485
12026
41049
21903
42835
41048
21647
19843
24758
33380
30632
27156
42712
25565
14204
48412
20110
19390
15468
22769
39602
42790
47679
29154
27073
25070
32540
34848
39201
27388
38576
18901
16988
40770
48824
24653
43171
44433
45270
49968
10658
24300
11965
25918
42876
43365
49430
37485
40174
47305
48197
41159
45066
45510
27674
22614
32736
20839
16497
35366
39306
18449
37824
26282
32756
12005
28101
36927
16477
22760
49059
26574
48996
43868
19045
22417
20172
28891
48121
44124
21614
24981
28285
44198
40761
43737
21402
41433
32845
20922
44672
10493
17028
23604
41580
22885
24547
18150
33105
29462
35771
32769
36400
41534
28879
44829
22968
18103
48498
41345
15514
38281
28313
45160
43212
49143
49750
18775
26997
29346
18125
41924
41144
28330
26158
16298
10786
45031
19997
33054
16441
26133
29703
40612
23735
47648
46107
19594
26214
32194
36739
49172
22157
37821
41358
40089
17088
43061
13061
21038
45389
20000
32087
22994
16386
13205
13279
44825
40321
14606
37989
27463
46861
26286
14697
38937
37747
40344
21694
34032
16556
49888
12854
32321
20344
41588
11285
44774
19089
15253
11561
41377
11582
42733
14187
49567
48465
49523
47980
24155
46104
38359
45272
42654
20493
33716
34746
33098
34908
15533
18102
42166
25699
17959
12310
29496
18257
25243
36882
38952
31578
11384
17037
20558
21868
21575
23570
19717
18101
40571
41634
20542
26276
18306
15184
16075
27871
33775
33609
31097
32182
37343
36139
34320
10036
23064
43366
42893
36462
41191
47886
44808
11435
19179
22419
10604
14305
20073
28659
41215
46815
32953
43189
26125
23347
17737
23842
13322
47987
40358
45849
20008
37812
27276
29033
49795
25211
39384
45083
12068
16017
30792
22691
41361
18076
37158
44495
14250
10760
32069
23626
34898
14174
13564
46590
36533
46959
28600
40380
21228
17960
13252
31591
25109
42537
31176
24447
24128
41878
40780
36634
39469
41965
45263
13761
11062
41385
35908
13051
39814
41921
21991
34708
42249
22368
36631
15215
38387
23109
27487
14771
25789
22753
11806
43277
10971
29873
46030
27781
37206
23567
37054
30405
44069
10499
39891
14022
47431
26841
43423
29602
46992
19618
15413
43439
48245
40022
13403
27134
32752
34229
37625
49384
11179
40743
16693
16979
12127
13676
33962
12135
41824
41997
30573
41685
29515
18764
12821
24459
47320
28867
23771
46159
19675
43852
31032
38331
20864
22582
46329
32075
37169
31493
22079
38364
16375
48440
41903
43764
23211
15115
16508
45446
30130
17836
10922
18841
23644
29419
42584
21413
25004
29667
19861
13578
17163
40191
37601
10406
32614
27275
18741
41092
16514
29626
46004
31718
39416
26307
24327
17044
44824
20651
40720
47118
12274
13120
44407
28369
16551
29718
20208
22581
30673
49744
40999
21808
38089
42578
37413
46354
18354
22357
40223
47675
29356
14999
35154
13492
25620
20874
34586
21258
23668
16577
40639
15888
39883
32692
14034
31524
31252
30531
45200
43992
13968
44360
42700
19488
16693
11832
48798
41525
13135
18503
42005
40165
37017
27381
13271
19087
39826
14991
49262
34011
33242
44023
43024
21261
36980
34794
42166
44461
37715
41332
26527
24170
28914
21272
13096
28056
34867
26908
10798
17710
29105
40381
10976
10349
38075
48924
12455
16519
46534
17390
11512
11685
40671
13633
47083
19130
14107
46436
32937
34886
49523
33985
19739
40060
48202
13811
28491
16133
39062
25359
36487
28115
34316
46684
38169
29057
31724
28349
37711
33659
27418
46558
22935
37610
46853
25108
34810
24126
40671
28637
26306
20077
12156
24607
29454
46411
33114
41930
13936
28004
49487
37827
46570
23384
11169
23925
45981
49456
31538
22685
24610
22015
34136
14798
40196
29627
18220
23123
40433
48556
15178
17800
22115
46909
21467
29810
27035
32771
39412
35009
43558
41937
41939
34117
27511
38089
36803
40889
39778
13593
38972
22968
45015
39285
11151
12811
31177
12122
11657
41150
27821
35463
31249
46156
38873
21070
22703
10305
45809
42583
41566
16043
14327
42690
20378
13403
10698
26368
20345
34219
46992
13695
16695
11319
45504
27369
34064
13612
16673
42597
34459
37046
18572
22351
39252
12729
28460
23098
16864
46596
42499
31808
13051
25993
24211
26400
43101
42196
12878
16164
10039
27917
10808
25917
24460
33401
15771
14485
40437
38527
35401
14884
15681
19778
10382
33171
28228
28893
34899
10066
17904
37370
29748
27921
39163
29678
10405
32704
47859
35177
20453
24348
13004
41674
16650
17014
30128
44191
47762
36634
28708
20912
36687
16766
15951
16019
48586
37938
20287
45839
32136
24833
22481
29225
33589
33526
47702
17035
28759
45255
31644
12121
13361
48764
14935
14108
25599
36092
43769
26745
13543
47419
10868
27631
23084
15822
20529
42737
31992
20241
10562
36509
21637
41356
37526
48576
18752
39339
25334
14100
32407
15455
13048
46909
14034
26079
39907
30267
46364
13914
28122
26372
16386
30901
18970
27511
44365
12097
46969
36521
32263
34693
27830
11089
37525
12514
31263
25293
31890
24576
23044
19276
20080
11582
12329
44327
46736
46554
33691
40051
22890
36789
20128
48502
24995
18344
10358
14124
12862
20025
43600
24837
35223
46255
34150
17911
16724
30808
49644
20525
27997
14582
20281
34618
48046
25337
38864
19702
37675
26472
31368
14610
46598
25689
31425
25371
35676
20637
46635
11632
48619
13543
31239
27703
48647
28811
16936
20002
41021
14801
16265
36816
49723
20348
12961
10841
42016
23817
18182
22850
35059
33478
17556
17789
26498
37621
47553
43100
17052
43369
14307
44428
38755
48680
12332
41826
19537
13120
10158
25374
27131
43866
20150
45826
44505
10853
18893
12519
18758
22653
28327
11270
42462
45283
19540
49009
14113
42561
25076
36306
16043
40403
24880
11980
49838
20590
49052
21219
24009
43730
14162
40273
47805
39082
41407
45006
42926
41501
49789
48697
24513
11129
42562
22092
42983
16779
11001
30373
35848
32090
19244
48276
27650
13321
35258
19907
35780
45956
17673
39356
49932
41830
37145
44906
35929
45916
10997
28056
19843
45454
45888
28297
14237
43355
22555
38319
18376
36542
40589
19639
48577
47510
32623
12277
30033
34056
46760
48754
10055
43515
32308
26974
32626
26421
38159
22517
41711
37798
18486
29017
18202
41190
36016
34821
37674
44428
36474
24825
16849
28702
17026
42773
36721
44578
49627
28619
27702
16727
15897
48088
12450
43533
34787
26165
37245
22255
13891
39185
31340
44488
30318
17832
25430
43931
46389
42412
28529
17983
33705
35242
21645
44138
30191
33281
39380
18985
36188
26047
31287
32622
14016
40586
23328
13697
11499
41886
47055
19054
37202
25288
43394
29551
31304
48554
40896
45109
45373
48335
29812
48361
21572
21537
35809
26746
47787
25843
33956
24160
28195
30174
38453
42069
28666
41090
34870
17763
13970
34260
22220
29856
11379
33495
45907
14876
46830
40787
21549
49675
47807
42983
36442
33818
45773
21360
25995
17694
10281
38057
14301
27440
35717
11322
39133
29869
33423
43002
40692
13425
20887
16149
17776
12878
28242
32546
32106
20893
30193
31047
27816
45119
42214
23474
35493
24203
21775
38264
21831
17486
18926
47597
22541
38035
39558
39094
16944
35430
14100
12996
11941
27964
18568
13998
12963
32503
43793
10095
30908
27302
10129
47501
37894
48790
10474
36655
33312
25799
26193
35424
28198
44038
38731
22641
13011
38737
39091
26184
26162
30253
44938
47070
23584
18003
40842
18263
45605
13884
49033
12406
14019
32187
38717
37181
37756
23332
19595
29558
43313
39356
15175
13764
49232
16074
19158
44949
14305
29973
33640
22293
33783
27776
29732
14744
17914
41328
37876
38122
29262
40207
30012
42837
30579
17038
19786
21739
44488
42659
35945
32492
42809
24473
42396
41619
23269
24685
43233
33166
39622
39741
22900
46422
24333
20201
18340
22928
41266
13908
35852
29544
15726
37605
25856
21893
17245
33586
15189
38844
31669
43530
40802
15230
27317
46374
14969
26845
35638
18205
38177
26162
45435
24598
12263
28350
37714
34874
47050
18776
42272
34393
11543
12017
32952
42970
40401
18930
47781
30448
29256
11495
27980
29746
27987
35167
48740
25263
41989
15824
39114
28209
16978
20414
16480
35607
40532
25202
12228
39922
23313
15492
20673
35594
17599
25338
28365
37651
40577
22615
30966
11920
16283
25314
29676
17586
10982
24778
29166
17198
20876
40460
34451
35755
14411
30780
44832
33620
24603
29899
27956
21664
37963
10996
19170
24471
44837
39877
27029
11793
30506
34026
10133
47130
12981
46348
44687
32626
44243
19433
40953
34009
28787
48129
30324
17443
11323
49581
40616
16180
45551
20496
33043
34281
33098
17855
19346
37241
22127
41973
47227
20547
43264
30971
27323
43503
41586
15390
46244
37459
19627
42130
23466
17142
29199
20067
17309
15917
35364
36211
16928
40735
10648
40602
31061
47260
12644
21773
30902
41832
43948
17461
41358
14568
22923
21075
35147
37765
44389
32271
39553
18542
13718
28427
13978
12841
14110
22062
16179
39128
15395
48275
29663
17045
30056
24628
31220
27463
13831
36826
29067
43254
43450
36753
18904
45987
48378
23397
23007
24369
16410
26840
36226
21594
37672
39767
14522
31630
46208
15329
13206
35216
37139
40729
38206
21151
25758
33365
49648
21488
20085
30972
35356
13014
10517
38872
32248
39869
19817
39318
42888
46004
28606
24923
32333
43373
28767
24554
11671
45433
37496
31740
45343
44299
17645
10990
39401
28839
21917
10118
11063
30053
47335
21001
37719
35068
29173
11873
42836
13386
26931
31243
12779
14184
13695
35926
47715
19028
42248
26166
35769
23257
37517
17460
30482
40179
13001
28177
10501
17223
38881
13825
38797
16032
10103
10710
31737
41607
11512
42982
39633
49864
38988
29756
15202
21812
47271
25144
17475
11464
21512
31330
26472
12714
13857
22833
39406
11425
32381
25219
18396
46449
24714
31462
29982
25606
35660
18279
49911
24267
10695
37511
34688
10900
34605
20446
31683
20926
24756
13640
39939
16566
49387
47514
20926
17607
33517
36349
26039
29495
26049
44157
45589
12778
45058
31134
40106
16834
36712
29652
46724
15207
16407
13477
14359
32359
35321
38377
40837
18537
49225
37523
34040
11899
45419
25780
24618
41953
49934
24713
24517
27265
43227
39292
20538
43184
20920
29292
11307
45897
13299
12222
49240
12213
29848
31881
23271
26697
25606
47187
36197
42976
18791
49013
44518
37955
43068
43187
31873
33666
28780
49775
28462
12975
23587
46687
28963
40483
27189
13097
11766
32185
29897
14643
13138
21679
21984
16120
20989
48291
10335
14847
49109
21703
11587
19497
11199
43640
26701
14211
40592
39928
33508
16931
36905
31649
43911
40100
22288
35669
37301
39111
10243
26302
25567
18328
20690
41568
42867
22616
41829
31683
41498
33905
10806
49634
43919
29407
29879
28502
37074
19445
49408
10520
40436
32529
37234
33810
41368
37069
26273
24232
43599
34519
18902
34909
16530
34920
12776
39697
36003
42036
29682
12000
27166
31075
39654
29042
30214
10993
33907
19281
12558
49955
13644
44788
22868
37030
26465
10967
14274
36915
26722
30121
18951
39148
10030
42147
33466
12712
18104
18334
14708
28954
42807
33333
37268
15958
24582
35776
16099
17312
37379
22826
14955
48764
16910
22712
40935
17168
20461
45225
23326
42934
10509
42272
10821
12356
11071
27001
27083
17274
23631
44025
36775
35770
33989
10515
10262
46626
17320
29758
38338
12605
36690
12863
44692
35766
38458
40936
22271
42509
26771
38318
44471
14032
30233
47177
11479
38594
38987
13860
45844
19946
12947
45461
46919
37568
44842
10007
27813
11347
35070
20597
16647
17314
49959
26588
24448
32327
18786
44175
27547
45454
15922
35029
17963
41065
25277
39816
48735
21872
17144
38924
14780
38941
47690
26136
34993
48717
13396
15726
23182
19472
19735
39076
34713
16701
19504
29772
32842
49759
37627
10084
12672
38488
24244
11917
43000
49479
26420
24044
12075
37096
19187
24468
18119
17716
25345
16101
23827
47341
37379
23050
34158
46330
28351
17752
36894
36221
48527
23495
46797
29571
36390
30968
16100
26449
33025
37642
25987
30451
30970
38638
14217
42735
31409
10184
14696
25671
21401
36264
31948
21470
35188
43711
19728
11873
20527
14959
39218
19473
35130
43364
21771
36178
16620
18297
26593
26008
10212
26924
20953
33390
33124
26298
40108
48862
47023
25349
32816
14318
26404
34947
37613
13185
12905
19293
17073
29291
49520
33192
26750
39401
43883
34800
40652
49664
34527
16856
27256
16707
47032
17164
44040
29591
14141
42926
24864
46934
24552
13079
21409
23481
19071
39750
30300
31747
44830
22470
28130
36622
21850
35589
11980
29382
40057
25987
44611
40002
31475
12221
18972
46966
34613
33786
24669
24110
29017
38389
10753
37904
12194
27673
38937
14583
14912
16664
46923
45406
37857
35558
42645
42479
23965
31094
17113
22438
22961
32388
20272
37299
48741
38577
44291
27057
39632
34340
16126
25395
12999
20460
43886
27568
25734
11322
42700
11185
23135
26384
43763
14885
13343
44702
42964
49208
36460
18030
23311
42599
15317
14862
26852
42126
20091
24975
44004
44973
30397
26418
23179
15466
23821
16930
24781
11643
49431
40333
37565
38454
27290
43702
47001
46532
46224
49267
14245
16587
13570
17173
47322
29715
41086
13383
22374
26787
40373
34747
33151
47167
48785
41207
10631
26638
30918
21942
44484
36292
46335
38195
13868
26656
27596
18507
12069
33752
17509
30815
22458
42079
29462
26209
10722
11243
11793
23590
42949
48251
14585
31779
28010
37260
36727
35984
33652
49777
13359
40085
11357
46424
30505
38812
41458
38476
41690
11416
39361
14116
40622
11566
41191
47602
14175
28360
39088
29394
10882
27285
31555
47541
37041
14033
33150
29796
19466
47149
38394
25487
23167
11689
13993
31057
19131
17466
29578
27757
31117
49091
35246
47216
19889
47503
49430
28088
23927
17028
48979
15010
37274
40538
23342
45807
32819
35813
45601
13895
11715
17818
39968
22826
38174
26243
45041
33989
49485
31809
40096
24403
42258
14305
38763
30908
26918
30511
15362
32442
30147
18044
30685
46006
35295
35514
43923
31953
41207
23823
20786
29030
23676
12846
26381
49464
32906
43752
11552
21095
20641
44731
38325
48383
16644
43170
29474
38115
38510
29071
21576
47799
46500
42637
37231
37595
14602
39639
10722
49136
18086
26892
44680
19743
32663
37852
23280
16506
14163
38361
47246
14835
21566
32240
20162
10834
27697
42646
48293
12678
47406
21407
24429
37990
18613
42760
18112
24375
33058
31099
30507
11986
21948
48749
11989
12654
44123
24915
31316
44772
34706
35139
21657
17188
12376
23032
20368
42177
23264
23169
17682
36104
23974
44062
16343
49083
45617
17081
37689
14836
36544
26638
17801
37478
48098
15113
23133
27622
45659
17316
45220
13457
33691
18881
45582
12410
13661
11792
21919
37647
24694
39116
29576
38536
37679
17146
12057
12815
13676
24703
19286
24686
32031
42062
47116
30580
36123
12260
22866
49253
31750
34254
26215
46105
43568
30573
31325
42689
41209
40822
15933
13829
48809
17809
31908
27024
44748
26103
35220
17560
18051
47230
23016
29033
24727
39718
48348
10244
49271
20821
33032
16575
20294
49406
49127
43247
11431
15569
11224
30710
46722
44801
49316
39852
24242
41398
29784
11522
28741
20683
41879
30508
45575
22603
48517
26287
47035
30430
43568
42172
36883
40291
12106
18622
29501
11742
25964
28679
29572
25517
35722
49924
27487
34148
32773
31327
22614
33726
30872
45055
16491
21613
41332
16290
12091
26411
30696
41143
23185
37313
33848
34874
46244
27735
23783
17889
42575
19121
39774
49856
11715
46529
34645
12103
42342
42185
48561
26474
49624
33720
32346
42586
19582
40175
36182
13508
33003
16524
11815
11298
14775
25720
47087
36467
42570
30497
31799
34958
46441
29342
19499
17590
11638
26425
37874
40818
29185
25955
10072
15905
40432
25336
11178
14495
27721
28196
30918
46905
24894
10040
19889
46725
47082
39707
40956
36988
15939
44511
25551
11947
44059
27244
15445
13352
32646
17766
38887
42994
16348
28710
21070
22959
43099
41958
23307
41979
40216
38197
36654
25965
22250
18430
28036
41001
19500
35816
48194
45715
18438
48065
49538
30163
46629
46233
47151
23773
25784
11253
16526
49248
47225
33905
40665
14745
36517
42628
40231
22338
18874
37636
11872
12047
10053
18794
24093
29943
19393
40502
12578
47302
28954
33666
44678
22693
48838
37563
32527
18887
49289
11791
11994
36312
12747
47350
32275
25360
30673
31153
20501
11323
29533
42891
42570
12624
21346
37031
42539
36430
32010
45099
44247
39773
17718
10239
31545
25803
28347
44137
23610
44529
37924
18235
20295
13315
15733
14827
48078
15043
27979
21848
40610
38373
16404
45655
30314
36730
17940
29584
24714
33902
39789
35565
40036
49415
41073
42748
49795
25909
39115
48137
32173
46874
20470
41066
43068
35620
18102
42265
15380
22627
49281
46680
10994
38198
12292
19464
29642
40476
16822
17201
42775
24300
19597
19498
33875
38631
41435
34720
31365
48459
24033
40370
49919
45500
35526
32858
47202
48182
11675
23691
40207
20688
11822
42762
42642
26121
39295
46460
30620
49173
11580
20255
49078
25384
11475
36866
17877
32301
45624
33925
41733
49606
44163
18033
23082
31968
26634
48060
25947
39470
32771
16889
25404
25574
10101
11750
41086
16287
47325
17345
45768
22845
36446
37084
17646
11366
40841
32072
48094
47335
15832
29264
40514
45118
14674
44810
22925
37969
19434
41673
16836
25045
21458
30213
31025
35528
20918
23763
40841
15499
37664
44507
28591
11525
27149
48884
44256
20738
28975
46304
45653
24132
16558
31141
39330
11195
42364
24289
19752
49960
48264
24099
24372
26139
17719
21626
22670
42364
30851
21506
42646
21022
44619
14460
46043
48604
32446
35225
47448
30151
20052
42909
25108
34797
14698
44897
44838
40199
30872
24926
23228
43000
34748
29577
17287
24839
10966
24024
22691
19953
41914
47284
13282
26616
47830
45508
13998
39532
23895
27912
45333
25549
14801
10100
22394
44833
46611
37396
32146
22079
26036
28556
30447
45332
12189
12185
32102
25130
39494
33795
30056
17305
34390
29064
20862
46676
42635
30327
15913
24531
23856
23759
38391
44486
11386
17175
48316
41143
43682
40682
34427
49016
43817
20524
20968
26782
16825
18155
34984
17614
49808
13462
36853
36346
49380
34833
35921
10980
16814
44816
22578
25724
17200
37283
10676
17950
12003
25417
42373
18307
46628
19838
14650
41698
27501
45055
10357
37907
14635
39988
34309
32591
11356
35981
24559
34425
16411
25452
48987
25414
26592
43326
29052
16920
19311
11010
12893
10778
23965
41236
14824
17229
35378
36300
21852
42390
24805
37856
24903
44979
29910
10041
12576
21064
34048
35813
35252
37354
30537
20986
26029
13678
34465
10249
45407
35458
24704
26520
10480
34980
28216
44055
47729
42270
21183
24673
44151
31021
29347
41918
10106
28941
12865
27939
22312
13959
24476
13012
30494
10724
45508
42928
18086
44201
25246
31687
21672
37260
19428
38475
30000
16902
13462
28312
24680
21544
40909
15437
25248
24865
28430
46612
49154
18218
45988
26467
18105
15520
36389
29318
22345
30227
36174
27093
11514
24139
31475
34282
29613
29686
40509
27277
49740
45217
36387
35231
31096
15149
49145
12913
31678
38847
30430
46840
33197
47178
17987
15439
21881
43720
10172
42384
34000
33034
42687
23536
29365
34945
23169
35655
46880
15171
38946
20454
44276
27674
24837
39003
48509
12006
32159
43186
33388
26621
28974
15864
10380
21495
45887
41220
28116
45779
17232
32521
28531
34120
33135
38637
18917
34260
24551
13355
29738
13750
30020
40635
11776
44966
40985
29734
47251
41073
26963
47343
46136
14366
39279
34951
32280
38566
30092
48612
10772
18289
16065
31412
42451
38071
16624
47077
39812
25071
43515
11058
29218
31573
11739
44809
31141
37867
34164
27808
42146
17226
19999
33694
33503
40056
45360
49920
26334
27816
41089
15347
49816
45807
15949
30569
16699
19810
24553
11278
35101
48508
12273
23921
14056
45423
31030
16697
31690
35667
37612
45643
14810
11791
25475
49436
36997
48556
27305
28099
21589
33846
28263
41915
21795
45054
39302
21585
49581
41028
33534
31800
44951
11883
34505
28024
12848
33572
43113
42868
35123
45476
12144
35024
12826
45607
30139
28748
10226
39848
42236
29706
28216
38723
27335
16781
49406
35349
25917
23975
32275
23368
15833
48990
48741
34585
44645
15185
24804
13472
10744
36087
27256
33611
23335
26916
15245
40611
11394
26837
47958
11363
43796
40205
10557
41127
39611
21854
38605
46929
18208
12295
32239
38581
10119
13277
40713
45025
44952
13671
35067
49572
20571
30930
37613
17585
17927
29546
15868
44003
25849
17360
12585
13913
18937
18419
36736
23065
11512
32390
45071
19079
22619
17861
25068
21868
45269
35869
26990
35863
35562
48251
24311
18341
38402
38487
31421
17431
36906
26008
33151
49703
30308
49166
28636
28469
22924
20724
45239
36744
23210
35150
29265
11715
31675
38445
30558
33533
44690
15596
43081
30290
47626
28761
39410
49681
44863
33138
37547
14496
10448
47774
35405
33479
42227
39351
31315
34092
27177
10726
43823
20766
49808
14654
38192
47934
32087
34456
23994
47693
38723
31216
40343
37201
43739
41416
28880
33495
46380
48631
38030
41082
11170
41325
46515
25991
48258
43958
26473
28192
48622
43822
42336
15149
45032
19084
11118
12752
42807
14133
12233
24766
30623
24743
39082
23787
25921
40174
32279
16694
32691
41866
21819
41687
18610
29273
48812
32796
35693
32645
15341
26605
34701
25801
44815
32210
20433
40649
13619
14054
18396
35458
10003
15279
27046
44868
30189
42040
28482
18674
16126
45810
34643
42974
31390
17608
46691
15300
17512
17118
29261
12612
11551
32407
47400
31923
13901
26899
28866
19331
12599
26914
22083
18367
20300
31760
44262
34463
24969
16973
11225
24398
37069
19910
47463
33177
17168
47625
40409
44418
34814
37093
10256
42865
46466
40397
28694
14134
46640
38862
27393
10371
11021
20746
40313
28599
15194
18413
18511
21639
32281
49138
46388
33042
26326
30923
36852
24801
10662
13891
30291
43149
39849
24439
20338
47836
35932
20323
25927
48685
20252
24740
34962
19082
44933
15916
25068
35898
21387
19743
10991
24184
24217
31911
30349
27087
46034
37075
27168
40808
38305
37970
35191
38354
30186
25178
19046
41116
33237
38485
49740
26179
42313
41291
37583
46071
11215
28342
49855
27950
30670
36777
18714
13210
14129
16717
18798
41754
38567
18953
20141
34212
36282
49396
12321
41963
30070
28001
28233
44538
48010
34294
14549
16454
27438
38817
31918
29600
19559
31164
24841
31698
23557
13448
49887
37294
41290
27151
24780
43668
44393
34029
44610
21859
32735
23671
37292
41380
10849
46186
26589
12238
32654
24678
37730
21930
26853
15968
40811
13762
25220
28399
37877
17573
14923
21380
35339
12305
18069
13828
17015
10094
38612
25341
48106
11977
28990
17352
30265
26804
23034
42948
39131